tree
version=v4
num_class=1
num_tree_per_iteration=1
label_index=0
max_feature_idx=4
objective=binary sigmoid:1
feature_names=slope rain_1d rain_3d rain_7d rain_15d
feature_infos=[89.987518310546875:89.999786376953125] [0.0069815870399999999:0.060389086600000003] [0.020944761119999999:0.18116725980000001] [0.048871109279999998:0.42272360619999999] [0.1047238056:0.90583629899999996]
tree_sizes=1536 1786 1781 1784 1788 1774 1770 1768 1779 1778 1777 1772 1776 1772 1778 1787 1778 1780 1775 1782 1775 1773 1776 1780 1777 1781 1782 1780 1776 1783 1781 1779 1784 1784 1778 1783 1781 1786 1781 1784 1788 1792 1787 1787 1788 1787 1789 1789 1791 1786

Tree=0
num_leaves=13
num_cat=0
split_feature=1 4 1 1 4 4 4 1 0 0 0 3
split_gain=1.81746e+06 87675.8 45442.1 219046 27833 13541.9 117092 7725.14 1.16415e-10 2.91038e-11 7.27596e-12 1.42109e-14
threshold=0.024447817350000001 0.35504912325000004 0.043739480900000009 0.042238868750000012 0.46055894225000005 0.29368752295000006 0.29463231170000004 0.049628440300000007 89.999706268310561 89.999675750732436 89.999725341796889 0.14591738210000002
decision_type=2 2 2 2 2 2 2 2 2 2 2 2
left_child=5 7 3 4 -3 8 -7 10 -1 -8 -2 -12
right_child=1 2 -4 -5 -6 6 9 -9 -10 -11 11 -13
leaf_value=-0.20000005850296609 -0.20000005850296609 0.11455567536672713 0.19999994149703393 -0.20000005850296609 0.19999994149703393 0.19999994149703393 -0.20000005850296609 0.19999994149703393 -0.20000005850296609 -0.20000005850296609 -0.20000005850296595 -0.20000005850296609
leaf_weight=217074.50080040097 7424.5307391285896 64955.978318959475 161497.74327135086 18395.03380715847 92289.971885919571 8415.2759095430374 55803.711532741785 516.30891573429108 873.99590826034546 333.39235061407089 5.6438850164413479 13.908145219087599
leaf_count=1076933 36834 224065 490772 91260 280458 25573 276849 1569 4336 1654 28 69
internal_value=-6.43533e-08 0.153967 0.161713 0.126508 0.164704 -0.188085 -0.147855 -0.174056 -0.2 -0.2 -0.2 -0.2
internal_weight=627600 345099 337139 175641 157246 282501 64552.4 7960.39 217948 56137.1 7444.08 19.552
internal_count=2510400 1125055 1086555 595783 504523 1385345 304076 38500 1081269 278503 36931 97
is_linear=0
shrinkage=1


Tree=1
num_leaves=15
num_cat=0
split_feature=1 4 1 1 4 4 4 1 0 0 0 0 0 0
split_gain=1.48712e+06 71693.2 37578.7 178932 23304.4 11087.1 95866.6 6324.81 1.16415e-10 1.16415e-10 1.16415e-10 5.82077e-11 7.27596e-12 7.27596e-12
threshold=0.024447817350000001 0.35504912325000004 0.043739480900000009 0.042238868750000012 0.46055894225000005 0.29368752295000006 0.29463231170000004 0.049628440300000007 89.99969863891603 89.999546051025405 89.999736785888686 89.999736785888686 89.999736785888686 89.99963760375978
decision_type=2 2 2 2 2 2 2 2 2 2 2 2 2 2
left_child=5 7 3 4 -3 8 -7 -2 9 -1 -4 -8 -5 -11
right_child=1 2 10 12 -6 6 11 -9 -10 13 -12 -13 -14 -15
leaf_value=-0.18187306838017259 -0.18187306838017259 0.10345133487708338 0.18187308469944882 -0.18187306838017259 0.18187308469944882 0.18187308469944882 -0.18187306838017259 0.18187308469944882 -0.18187306838017259 -0.18187306838017259 0.18187308469944882 -0.18187306838017259 -0.18187306838017259 -0.18187306838017259
leaf_weight=204667.28684942424 7370.1353208869696 64743.339007854462 159654.01158174872 18186.159639790654 91373.191779792309 8331.6811550557613 55495.037503242493 511.18006226420403 1080.2453898340464 8299.3099994510412 239.46293547749519 84.415998503565788 26.143016085028648 1736.6147020757198
leaf_count=1025567 36931 224065 490037 91129 280458 25573 278080 1569 5413 41587 735 423 131 8702
internal_value=-2.66113e-06 0.139831 0.146861 0.114747 0.149351 -0.171038 -0.134454 -0.158281 -0.181873 -0.181873 0.181873 -0.181873 -0.181873 -0.181873
internal_weight=621798 342104 334222 174329 156117 279695 63911.1 7881.32 215783 214703 159893 55579.5 18212.3 10035.9
internal_count=2510400 1125055 1086555 595783 504523 1385345 304076 38500 1081269 1075856 490772 278503 91260 50289
is_linear=0
shrinkage=0.1


Tree=2
num_leaves=15
num_cat=0
split_feature=1 4 1 1 1 2 2 4 4 4 4 0 0 0
split_gain=1.23781e+06 61122.8 57059.3 22541.9 156870 12835.5 12998.1 9243.43 79924.6 8187.58 790.078 1.16415e-10 5.82077e-11 2.91038e-11
threshold=0.024447817350000001 0.38898711630000005 0.025355248700000003 0.043739480900000009 0.042238868750000012 0.077965066749999964 0.091671715350000016 0.29368752295000006 0.29463231170000004 0.46055894225000005 0.36790309057500009 89.999763488769545 89.999423980712905 89.999736785888686
decision_type=2 2 2 2 2 2 2 2 2 2 2 2 2 2
left_child=7 2 -2 4 9 10 -7 11 -9 -3 -4 -1 -5 -10
right_child=1 3 5 12 -6 6 -8 8 13 -11 -12 -13 -14 -15
leaf_value=-0.16825816746065403 0.18041199085043166 0.11641887324380618 -0.16825816746065403 0.16825817025012124 -0.16825816746065403 0.14006832653102005 -0.13858439718364893 0.16825817025012124 -0.16825816746065403 0.16825817025012124 -0.22435956774249777 -0.16825816746065403 0.16825817025012124 -0.16825816746065403
leaf_weight=209984.58624923229 9400.5815423727036 46325.15387481451 4666.229101896286 126147.13072633743 17425.461452007294 2891.8457862734795 3974.995914503932 8115.7874222993851 54057.031688690186 89005.494423151016 5433.1391099095345 207.41819912195206 29093.446062326431 82.228583157062531
leaf_count=1080202 28908 156702 24004 397492 89640 9587 19314 25573 278080 280458 27276 1067 91674 423
internal_value=-1.11242e-05 0.128912 -0.0172166 0.141422 0.11415 -0.126718 -0.0212349 -0.158234 -0.124389 0.150513 -0.198439 -0.168258 0.168258 -0.168258
internal_weight=606811 334363 26366.8 307997 152756 16966.2 6866.84 272447 62255 135331 10099.4 210192 155241 54139.3
internal_count=2510400 1125055 109089 1015966 526800 80181 28901 1385345 304076 437160 51280 1081269 489166 278503
is_linear=0
shrinkage=0.1


Tree=3
num_leaves=15
num_cat=0
split_feature=1 4 1 1 1 2 2 4 4 4 4 0 0 0
split_gain=1.0438e+06 52022.1 47269.3 19703.5 131688 10480.5 10708.1 7811.95 67547.2 7780.04 429.352 5.82077e-11 5.82077e-11 1.45519e-11
threshold=0.024447817350000001 0.38898711630000005 0.025355248700000003 0.043739480900000009 0.042238868750000012 0.077965066749999964 0.091671715350000016 0.29368752295000006 0.29463231170000004 0.46055894225000005 0.36790309057500009 89.999763488769545 89.999629974365249 89.99969863891603
decision_type=2 2 2 2 2 2 2 2 2 2 2 2 2 2
left_child=7 2 -2 4 9 10 -7 11 -9 -3 -4 -1 -5 -10
right_child=1 3 5 12 -6 6 -8 8 13 -11 -12 -13 -14 -15
leaf_value=-0.15768740263769931 0.16713807772851461 0.10655143809176409 -0.15768740263769931 0.15768741492983734 -0.15768740263769931 0.12836726934193551 -0.12656481429407559 0.15768741492983734 -0.15768740263769931 0.15768741492983734 -0.19936675425070405 -0.15768740263769931 0.15768741492983734 -0.15768740263769931
leaf_weight=202056.16210356355 9144.9807003736496 45591.103829562664 4490.0454869866371 146784.05249869823 16767.525306344032 2842.3648941516876 3919.9477070122957 7809.3581735193729 51835.296828895807 85644.897924721241 5497.8949989080429 199.58667449653149 2595.0778461098671 259.81807954609394
leaf_count=1080202 28908 156702 24004 480668 89640 9587 19314 25573 277114 280458 27276 1067 8498 1389
internal_value=-1.58776e-05 0.120228 -0.0157136 0.132066 0.106206 -0.115543 -0.0194106 -0.148293 -0.116574 0.139923 -0.18063 -0.157687 0.157687 -0.157687
internal_weight=585438 323278 25895.2 297383 148004 16750.3 6762.31 262160 59904.5 131236 9987.94 202256 149379 52095.1
internal_count=2510400 1125055 109089 1015966 526800 80181 28901 1385345 304076 437160 51280 1081269 489166 278503
is_linear=0
shrinkage=0.1


Tree=4
num_leaves=15
num_cat=0
split_feature=1 4 1 1 1 2 1 4 4 4 4 0 3 0
split_gain=889286 44613.8 39699.7 17534.3 111543 8785.66 9100.81 7596.4 6672.32 57693.2 247.344 5.82077e-11 5.82077e-11 2.91038e-11
threshold=0.024447817350000001 0.38898711630000005 0.025355248700000003 0.043739480900000009 0.042238868750000012 0.077965066749999964 0.030557238450000003 0.46055894225000005 0.29368752295000006 0.29463231170000004 0.36790309057500009 89.999763488769545 0.078657087250000021 89.999706268310561
decision_type=2 2 2 2 2 2 2 2 2 2 2 2 2 2
left_child=8 2 -2 4 7 10 -7 -3 11 -10 -4 12 -1 -11
right_child=1 3 5 -5 -6 6 -8 -9 9 13 -12 -13 -14 -15
leaf_value=-0.14927177617410109 0.15680436143354815 0.097977477208068778 -0.14927177617410109 0.14927178695357912 -0.14927177617410109 0.16148096192538727 -0.094563265755897269 0.14927178695357912 0.14927178695357912 -0.14927177617410109 -0.18140614445849601 -0.14927177617410109 -0.14927177617410109 -0.14927177617410109
leaf_weight=65234.455795645714 8790.835121512413 44670.664377093315 4279.6333270072937 142378.94507229328 15981.766848564148 1981.8627514839172 4634.2459714412689 81631.417917609215 7443.3970519900322 49454.689636945724 5440.1892887949944 190.23365938663483 127352.96626317501 199.14807641506195
leaf_count=365893 28908 156702 24004 489166 89640 6386 22515 280458 25573 277386 27276 1067 714309 1117
internal_value=-2.32966e-05 0.113187 -0.0145449 0.124461 0.0996344 -0.106753 -0.0178649 0.13113 -0.140379 -0.110353 -0.167257 -0.149272 -0.149272 -0.149272
internal_weight=559664 309790 25126.8 284663 142284 16335.9 6616.11 126302 249875 57097.2 9719.82 192778 192587 49653.8
internal_count=2510400 1125055 109089 1015966 526800 80181 28901 437160 1385345 304076 51280 1081269 1080202 278503
is_linear=0
shrinkage=0.1


Tree=5
num_leaves=15
num_cat=0
split_feature=1 4 1 1 1 1 4 4 4 2 2 0 0 0
split_gain=763791 38509.1 33662.8 15834.6 95137.7 8311.71 7552.13 5747.1 49693.1 3763.02 41.0703 5.82077e-11 5.82077e-11 2.91038e-11
threshold=0.024447817350000001 0.38898711630000005 0.025355248700000003 0.043739480900000009 0.042238868750000012 0.049628440300000007 0.46055894225000005 0.29368752295000006 0.29463231170000004 0.077965066749999964 0.12259336089999996 89.999736785888686 89.999668121337905 89.997627258300795
decision_type=2 2 2 2 2 2 2 2 2 2 2 2 2 2
left_child=7 2 -2 4 6 9 -3 11 -9 -4 -7 -1 -5 -10
right_child=1 3 5 12 -6 10 -8 8 13 -11 -12 -13 -14 -15
leaf_value=-0.14243950318753512 0.14856042561428093 0.090392501800705793 -0.15687107148448809 0.14243951137164132 -0.14243950318753512 0.15736445125151621 0.14243951137164132 0.14243951137164132 -0.14243950318753512 -0.052366233291751364 0.19780833233698902 -0.14243950318753512 0.14243951137164132 -0.14243950318753512
leaf_weight=182084.14054597914 8372.2250329256058 43631.858427107334 9345.3033609390259 133741.50667226315 15117.896981835365 478.40884655714035 77218.954472780228 7041.0554262399673 1692.5838254094124 5457.9005181491375 528.41955900192261 273.21500569581985 941.35879647731781 45277.291934654117
leaf_count=1079649 28908 156702 51280 485747 89640 1569 280458 25573 10036 25726 1606 1620 3419 268467
internal_value=-3.15499e-05 0.107334 -0.013573 0.118136 0.0940631 -0.099431 0.123649 -0.133953 -0.105302 -0.11834 0.178591 -0.14244 0.14244 -0.14244
internal_weight=531202 294834 24182.3 270652 135969 15810 120851 236368 54010.9 14803.2 1006.83 182357 134683 46969.9
internal_count=2510400 1125055 109089 1015966 526800 80181 437160 1385345 304076 77006 3175 1081269 489166 278503
is_linear=0
shrinkage=0.1


Tree=6
num_leaves=15
num_cat=0
split_feature=1 4 1 1 1 1 1 4 4 2 2 0 0 0
split_gain=660169 33527.1 28688.4 14476.7 81588.3 7988.79 6972.18 4984.12 43095.9 3475.27 23.756 5.82077e-11 2.91038e-11 2.91038e-11
threshold=0.024447817350000001 0.38898711630000005 0.025355248700000003 0.043739480900000009 0.042238868750000012 0.030557238450000003 0.049628440300000007 0.29368752295000006 0.29463231170000004 0.077965066749999964 0.12259336089999996 89.999763488769545 89.999763488769545 89.999469757080092
decision_type=2 2 2 2 2 2 2 2 2 2 2 2 2 2
left_child=7 2 -2 4 5 -3 9 11 -9 -4 -8 -1 13 -5
right_child=1 3 6 12 -6 -7 10 8 -10 -11 -12 -13 -14 -15
leaf_value=-0.13680523935175173 0.141856557307901 0.14982485602885079 -0.14878789006824877 0.13680524093907412 -0.13680523935175173 0.095910826200888477 0.14901176583542108 0.13680524093907412 -0.13680523935175173 -0.047305346309454613 0.18025437017993681 -0.13680523935175173 0.13680524093907412 0.13680524093907412
leaf_weight=171273.15151253343 7914.606791138649 45342.507980942726 8890.9971586465836 110813.08322563767 14213.013215661049 69780.519988894463 455.85722851753235 6619.6124162375927 44158.487501129508 5438.6402269005775 522.14281898736954 169.17988733947277 125.54303452372551 15682.784102380276
leaf_count=1080202 28908 156788 51280 428095 89640 280372 1569 25573 278503 25726 1606 1067 485 60586
internal_value=-4.16594e-05 0.102331 -0.012719 0.11277 0.0892383 0.117145 -0.0926402 -0.128655 -0.101136 -0.110271 0.165692 -0.136805 0.136805 0.136805
internal_weight=501400 279180 23222.2 255957 129336 115123 15307.6 222220 50778.1 14329.6 978 171442 126621 126496
internal_count=2510400 1125055 109089 1015966 526800 437160 80181 1385345 304076 77006 3175 1081269 489166 488681
is_linear=0
shrinkage=0.1


Tree=7
num_leaves=15
num_cat=0
split_feature=1 4 1 1 4 4 4 1 4 2 2 4 0 0
split_gain=573229 29511.3 18850 66528.7 16225.7 4346.85 37585.6 3139.76 61.658 35.9542 25.4286 3.26991 5.82077e-11 2.91038e-11
threshold=0.024447817350000001 0.35504912325000004 0.043739480900000009 0.042238868750000012 0.46055894225000005 0.29368752295000006 0.29463231170000004 0.049628440300000007 0.38898711630000005 0.080958425050000019 0.091671715350000016 0.39603209930000005 89.99969863891603 89.999614715576186
decision_type=2 2 2 2 2 2 2 2 2 2 2 2 2 2
left_child=5 7 3 4 -3 12 -7 9 -4 -2 -11 -5 -1 -10
right_child=1 2 8 11 -6 6 -8 -9 13 10 -12 -13 -14 -15
leaf_value=-0.13209932547079198 -0.13126254642201612 0.060703488669247629 0.16701703575200905 -0.1431168208159373 0.13321402493522103 0.13209932623328038 -0.13209932547079198 0.14222653613431033 0.13209932623328038 -0.17351561462221504 -0.1431168208159373 -0.13209932547079198 -0.13209932547079198 0.13209932623328038
leaf_weight=159561.81260490417 3511.611076593399 55778.26960799098 507.87389802932739 274.95425999164581 69080.672129064798 6191.8875102251768 41305.196509480476 431.11561319231987 115904.00844375789 321.29410028457642 1917.0422016084194 13294.642481803894 802.81012666225433 2535.7853163331747
leaf_count=1075856 24004 224065 1606 1620 280458 25573 278503 1569 478693 1632 11295 89640 5413 10473
internal_value=-6.09093e-05 0.0978679 0.103054 0.0779672 0.100821 -0.124229 -0.0976575 -0.11806 0.132248 -0.137576 -0.14748 -0.132323 -0.132099 0.132099
internal_weight=471419 263557 257376 138429 124859 207862 47497.1 6181.06 118948 5749.95 2238.34 13569.6 160365 118440
internal_count=2510400 1125055 1086555 595783 504523 1385345 304076 38500 490772 36931 12927 91260 1081269 489166
is_linear=0
shrinkage=0.1


Tree=8
num_leaves=15
num_cat=0
split_feature=1 4 1 1 1 4 2 1 4 4 4 0 0 0
split_gain=499576 27255.2 23659.6 12483.5 60707.2 8927.35 5924.83 7837.25 3808.94 32934.6 130.69 2.91038e-11 2.91038e-11 1.45519e-11
threshold=0.024447817350000001 0.38898711630000005 0.025355248700000003 0.043739480900000009 0.042238868750000012 0.46055894225000005 0.077965066749999964 0.030557238450000003 0.29368752295000006 0.29463231170000004 0.36790309057500009 89.999736785888686 89.992870330810561 89.999725341796889
decision_type=2 2 2 2 2 2 2 2 2 2 2 2 2 2
left_child=8 2 -2 4 5 -3 10 -8 -1 -10 -4 12 -5 -11
right_child=1 3 6 11 -6 -7 7 -9 9 13 -12 -13 -14 -15
leaf_value=-0.12812715636803901 0.13418162964173239 0.068747662423226927 -0.12741686472570452 0.12812716371374699 -0.12812715636803901 0.1290719434910331 0.15439187868432463 -0.089356038609014296 0.12812716371374699 -0.12812715636803901 -0.15314847002121446 0.12812716371374699 0.12812716371374699 -0.12812715636803901
leaf_weight=149367.92602215707 7223.8937696814537 39625.052593767643 3268.3431760668755 555.23676988482475 12382.987849116325 64408.062229514122 1918.0534368753433 4224.3362867236137 5767.290786460042 38375.934744089842 4983.4054918885231 165.30810411274433 109597.46884553134 96.837064728140831
leaf_count=1081269 28908 156702 24004 2462 89640 280458 6386 22515 25573 277802 27276 733 485971 701
internal_value=-7.84559e-05 0.0937937 -0.0134918 0.104023 0.0811813 0.106095 -0.0876038 -0.0132421 -0.120494 -0.0947209 -0.142957 0.128127 0.128127 -0.128127
internal_weight=441960 248352 21618 226734 116416 104033 14394.1 6142.39 193608 44240.1 8251.75 110318 110153 38472.8
internal_count=2510400 1125055 109089 1015966 526800 437160 80181 28901 1385345 304076 51280 489166 488433 278503
is_linear=0
shrinkage=0.1


Tree=9
num_leaves=15
num_cat=0
split_feature=1 4 1 1 1 4 1 4 4 2 2 4 0 0
split_gain=437573 23927.4 20464.4 11738 52594.9 8957.92 5443.59 3350.88 28973.9 2767.37 11.0236 5.82077e-11 2.91038e-11 2.91038e-11
threshold=0.024447817350000001 0.38898711630000005 0.025355248700000003 0.043739480900000009 0.042238868750000012 0.46055894225000005 0.049628440300000007 0.29368752295000006 0.29463231170000004 0.077965066749999964 0.12259336089999996 0.20376997944999997 89.999725341796889 89.999485015869155
decision_type=2 2 2 2 2 2 2 2 2 2 2 2 2 2
left_child=7 2 -2 4 5 -3 9 11 -9 -4 -8 -1 13 -5
right_child=1 3 6 12 -6 -7 10 8 -10 -11 -12 -13 -14 -15
leaf_value=-0.1247446227529766 0.12988948950929283 0.063728084238530311 -0.13721854224166954 0.12474462246841014 -0.1247446227529766 0.12555199259306304 0.14005197667369915 0.12474462246841014 -0.1247446227529766 -0.042121660432626336 0.16200941334497673 -0.1247446227529766 0.12474462246841014 0.12474462246841014
leaf_weight=110149.70703530312 6741.1676584482193 38530.164553821087 7761.9137655496597 91905.068519890308 11492.624913454056 59827.76194062829 421.71117988228798 5352.6101984530687 35706.498396605253 5051.6880785375834 499.42386412620544 28478.350166231394 257.23841293156147 10223.604784086347
leaf_count=859144 28908 156702 51280 439092 89640 280458 1569 25573 278503 25726 1606 222125 1229 48845
internal_value=-8.84489e-05 0.0904254 -0.0128094 0.100385 0.077681 0.101333 -0.0828477 -0.117313 -0.0922203 -0.0997271 0.151957 -0.124745 0.124745 0.124745
internal_weight=412400 232712 20475.9 212236 109851 98357.9 13734.7 179687 41059.1 12813.6 921.135 138628 102386 102129
internal_count=2510400 1125055 109089 1015966 526800 437160 80181 1385345 304076 77006 3175 1081269 489166 487937
is_linear=0
shrinkage=0.1


Tree=10
num_leaves=15
num_cat=0
split_feature=1 4 3 1 4 1 1 2 1 4 4 4 2 1
split_gain=384355 22511.7 74615.5 29547.5 22780.2 16027.3 5645.02 4576.7 47500 2957.9 25575.9 1788.79 354.068 0.87264
threshold=0.024447817350000001 0.46055894225000005 0.21427569620000003 0.042238868750000012 0.38898711630000005 0.025355248700000003 0.044351067400000006 0.12991836105000001 0.042238868750000012 0.29368752295000006 0.29463231170000004 0.39299173845000007 0.094609584600000018 0.031267364500000006
decision_type=2 2 2 2 2 2 2 2 2 2 2 2 2 2
left_child=9 2 4 11 5 -2 -5 8 13 -1 -11 -4 -6 -3
right_child=1 7 3 6 12 -7 -8 -9 -10 10 -12 -13 -14 -15
leaf_value=-0.12184264020794427 0.12624871943089147 0.12149837396882511 -0.17318708772229605 -0.12509069813547857 0.13766610515654595 -0.070928158400058575 0.12184263865770839 0.12184859367338707 -0.12184264020794427 0.12184263865770839 -0.12184264020794427 -0.35053722056803116 0.080537846289153101 0.12268925821636301
leaf_weight=128268.59656499326 6266.4106584191322 7064.7375882863998 627.78417335450649 1619.5593110322952 31736.989574924111 12048.527505159378 2161.1178538352251 91983.521836593747 9305.5229737907648 4952.6182342618704 33038.206911638379 6044.4125189781189 1123.2863422930241 47685.388427913189
leaf_count=1081269 28908 36854 3191 12806 121505 73776 11159 474880 78443 25573 278503 36768 6422 240343
internal_value=-9.94573e-05 0.0873463 0.0361739 -0.207291 0.0859033 -0.00346458 0.0160618 0.107557 0.0870342 -0.114584 -0.090075 -0.33385 0.135713 0.122536
internal_weight=383927 217667 61628.1 10452.9 51175.2 18314.9 3780.68 156039 64055.6 166259 37990.8 6672.2 32860.3 54750.1
internal_count=2510400 1125055 294535 63924 230611 102684 23965 830520 355640 1385345 304076 39959 127927 277197
is_linear=0
shrinkage=0.1


Tree=11
num_leaves=15
num_cat=0
split_feature=1 4 3 1 4 1 2 1 1 4 4 2 1 1
split_gain=338838 21172.7 59841 21392.5 20081.3 13817.1 4064.49 42027.2 2620.54 2618.59 22642 348.242 0.603159 0.0333484
threshold=0.024447817350000001 0.46055894225000005 0.21427569620000003 0.044351067400000006 0.38898711630000005 0.025355248700000003 0.12991836105000001 0.042238868750000012 0.042238868750000012 0.29368752295000006 0.29463231170000004 0.094609584600000018 0.031267364500000006 0.043739480900000009
decision_type=2 2 2 2 2 2 2 2 2 2 2 2 2 2
left_child=9 2 4 8 5 -2 7 12 -4 -1 -11 -6 -3 -8
right_child=1 6 3 -5 11 -7 13 -9 -10 10 -12 -13 -14 -15
leaf_value=-0.11933701070892554 0.12313550276185954 0.11903880205404055 -0.26709868118973329 0.11933701104698113 0.13282515136950387 -0.06533558491111395 0.1200863973541938 -0.11933701070892554 -0.12217335928386247 0.11933701104698113 -0.11933701070892554 0.075156387531841493 0.12006951795511854 0.11933690662087043
leaf_weight=118373.09373720735 5806.0010738968849 6517.6916272938251 7451.1515428572893 1994.3946497738361 29708.649355515838 11786.03784814477 597.87707908451557 8587.6323024407029 1498.6177780330181 4570.5398672521114 30489.417272754014 1085.3849601596594 44040.231997981668 84289.861785516143
leaf_count=1081269 28908 36854 39959 11159 121505 73776 3261 78443 12806 25573 278503 6422 240343 471619
internal_value=-3.51213e-05 0.0846112 0.0343371 -0.176832 0.0821002 -0.0031334 0.10532 0.0851953 -0.242831 -0.112227 -0.0882226 0.130793 0.119937 0.119342
internal_weight=356797 203364 59330.2 10944.2 48386.1 17592 144033 59145.6 8949.77 153433 35060 30794 50557.9 84887.7
internal_count=2510400 1125055 294535 63924 230611 102684 830520 355640 52765 1385345 304076 127927 277197 474880
is_linear=0
shrinkage=0.1


Tree=12
num_leaves=15
num_cat=0
split_feature=1 4 3 4 1 1 2 1 4 4 1 2 1 1
split_gain=299521 19820.9 49521.1 17825.4 16618.7 11942.8 3617.1 37281.1 2324.02 20095 1399.34 349.628 0.420267 0.0232413
threshold=0.024447817350000001 0.46055894225000005 0.21427569620000003 0.38898711630000005 0.044351067400000006 0.025355248700000003 0.12991836105000001 0.042238868750000012 0.29368752295000006 0.29463231170000004 0.042238868750000012 0.094609584600000018 0.031267364500000006 0.043739480900000009
decision_type=2 2 2 2 2 2 2 2 2 2 2 2 2 2
left_child=8 2 3 5 10 -2 7 12 -1 -10 -4 -5 -3 -8
right_child=1 6 4 11 -6 -7 13 -9 9 -11 -12 -13 -14 -15
leaf_value=-0.1171617655200103 0.12045511668808301 0.1169021408418526 -0.22878189243472691 0.12874480181604511 0.11716176996304517 -0.060140999629588368 0.11781350508976443 -0.1171617655200103 0.11716176996304517 -0.1171617655200103 -0.11964982778465179 0.069981769672222527 0.11779883073142834 0.11716166940276412
leaf_weight=108994.38050282747 5364.3378542661667 5999.6801464557648 7806.1898881942034 27689.033937945962 1836.3784731030464 11537.099094688892 550.87944737076759 7907.2332507297397 4208.4153322577477 28073.737389288843 1383.1264463365078 1050.9351623505354 40577.719284296036 77611.557639986277
leaf_count=1081269 28908 36854 39959 121505 11159 73776 3261 78443 25573 278503 12806 6422 240343 471619
internal_value=3.94356e-06 0.0822304 0.0327248 0.0786714 -0.157473 -0.0028217 0.103379 0.0836008 -0.110182 -0.0866145 -0.212356 0.126596 0.117683 0.117166
internal_weight=330591 189314 56667.1 45641.4 11025.7 16901.4 132647 54484.6 141277 32282.2 9189.32 28740 46577.4 78162.4
internal_count=2510400 1125055 294535 230611 63924 102684 830520 355640 1385345 304076 52765 127927 277197 474880
is_linear=0
shrinkage=0.1


Tree=13
num_leaves=15
num_cat=0
split_feature=1 4 3 4 1 1 2 1 4 4 1 2 1 1
split_gain=265382 18507 41650.4 15917.1 13380.9 10347.6 3224.81 33145.1 2067.08 17873.3 801.972 356.143 0.294869 0.0163088
threshold=0.024447817350000001 0.46055894225000005 0.21427569620000003 0.38898711630000005 0.044351067400000006 0.025355248700000003 0.12991836105000001 0.042238868750000012 0.29368752295000006 0.29463231170000004 0.042238868750000012 0.094609584600000018 0.031267364500000006 0.043739480900000009
decision_type=2 2 2 2 2 2 2 2 2 2 2 2 2 2
left_child=8 2 3 5 10 -2 7 12 -1 -10 -4 -5 -3 -8
right_child=1 6 4 11 -6 -7 13 -9 9 -11 -12 -13 -14 -15
leaf_value=-0.1152643872118677 0.11813380231072895 0.11503736731350865 -0.20295462191525937 0.12527430899197195 0.1152643922614861 -0.055311378180291415 0.11583374192054954 -0.1152643872118677 0.1152643922614861 -0.1152643872118677 -0.11745536274579976 0.065016949059079829 0.11582092884587106 0.11526430913511863
leaf_weight=100161.99045784771 4944.3049562573433 5512.2029219269753 7911.8437024950981 25712.071462988853 1687.5670060217381 11302.735234126449 506.53653131425381 7266.4683973044157 3867.3851639926434 25798.77424441278 1273.6805494129658 1019.7542378753424 37310.933103740215 71322.277235999703
leaf_count=1081269 28908 36854 39959 121505 11159 73776 3261 78443 25573 278503 12806 6422 240343 471619
internal_value=3.25695e-05 0.0801214 0.0312979 0.0755321 -0.14355 -0.00252848 0.101687 0.0822113 -0.108397 -0.0852118 -0.191099 0.122976 0.11572 0.115268
internal_weight=305599 175770 53852 42978.9 10873.1 16247 121918 50089.6 129828 29666.2 9185.52 26731.8 42823.1 71828.8
internal_count=2510400 1125055 294535 230611 63924 102684 830520 355640 1385345 304076 52765 127927 277197 474880
is_linear=0
shrinkage=0.1


Tree=14
num_leaves=15
num_cat=0
split_feature=1 4 3 4 1 1 2 1 4 4 1 2 1 1
split_gain=235605 17252.4 35415.9 14286 11036.8 8985.79 2879.66 29525.6 1842.04 15927.5 482.494 366.309 0.208157 0.0115138
threshold=0.024447817350000001 0.46055894225000005 0.21427569620000003 0.38898711630000005 0.044351067400000006 0.025355248700000003 0.12991836105000001 0.042238868750000012 0.29368752295000006 0.29463231170000004 0.042238868750000012 0.094609584600000018 0.031267364500000006 0.043739480900000009
decision_type=2 2 2 2 2 2 2 2 2 2 2 2 2 2
left_child=8 2 3 5 10 -2 7 12 -1 -10 -4 -5 -3 -8
right_child=1 6 4 11 -6 -7 13 -9 9 -11 -12 -13 -14 -15
leaf_value=-0.11360256173314671 0.11611328357181146 0.11340328949505107 -0.18436461711362911 0.12229987572800571 0.11360256537353644 -0.050819988290802476 0.11410188903816057 -0.11360256173314671 0.11360256537353644 -0.11360256173314671 -0.11553829496282203 0.060268077528843049 0.11409067554830199 0.11360248418518742
leaf_weight=91887.894939869642 4547.6284462809563 5055.8201044499874 7841.127326503396 23801.739708334208 1548.1619486659765 11083.393348246813 464.9318131506443 6666.2062287628651 3547.9115972071886 23667.611301571131 1170.6112689375877 991.62085193395615 34245.976144507527 65430.545138165355
leaf_count=1081269 28908 36854 39959 121505 11159 73776 3261 78443 25573 278503 12806 6422 240343 471619
internal_value=5.48351e-05 0.0782314 0.0300189 0.0726169 -0.133051 -0.00225307 0.100205 0.0809954 -0.106834 -0.0839833 -0.175424 0.119819 0.114002 0.113606
internal_weight=281951 162848 50984.3 40424.4 10559.9 15631 111863 45968 119103 27215.5 9011.74 24793.4 39301.8 65895.5
internal_count=2510400 1125055 294535 230611 63924 102684 830520 355640 1385345 304076 52765 127927 277197 474880
is_linear=0
shrinkage=0.1


Tree=15
num_leaves=15
num_cat=0
split_feature=1 4 3 4 1 1 2 1 4 4 2 1 1 1
split_gain=209527 16069.3 30350.4 12878.9 9261.67 7820.09 2575.07 26346.2 1644.23 14217.1 379.025 300.794 0.147714 0.00817239
threshold=0.024447817350000001 0.46055894225000005 0.21427569620000003 0.38898711630000005 0.044351067400000006 0.025355248700000003 0.12991836105000001 0.042238868750000012 0.29368752295000006 0.29463231170000004 0.094609584600000018 0.042238868750000012 0.031267364500000006 0.043739480900000009
decision_type=2 2 2 2 2 2 2 2 2 2 2 2 2 2
left_child=8 2 3 5 11 -2 7 12 -1 -10 -5 -4 -3 -8
right_child=1 6 4 10 -6 -7 13 -9 9 -11 -12 -13 -14 -15
leaf_value=-0.11214181984161949 0.11434684711174997 0.11196633259231639 -0.1703719658832307 0.11973393869659935 0.11214182062409686 -0.046644480415495404 0.11258125383837676 -0.11214181984161949 0.11214182062409686 -0.11214181984161949 0.055742246538488666 -0.11385689424060762 0.11257137529554624 0.11214174432090199
leaf_weight=84170.982209600508 4175.1586500406265 4630.3905580043793 7646.0788196772337 21974.371209077537 1418.1445111632347 10879.104979395866 426.07792697846889 6106.3660915717483 3249.9515712857246 21679.962209515274 966.29514469206333 1074.0504825413227 31383.758079603314 59935.567219689488
leaf_count=1081269 28908 36854 39959 121505 11159 73776 3261 78443 25573 278503 6422 12806 240343 471619
internal_value=7.29347e-05 0.0765181 0.0288569 0.0698753 -0.124867 -0.00199505 0.0989034 0.0799274 -0.105461 -0.0829034 0.117039 -0.163411 0.112494 0.112145
internal_weight=259716 150615 48133.2 37994.9 10138.3 15054.3 102482 42120.5 109101 24929.9 22940.7 8720.13 36014.1 60361.6
internal_count=2510400 1125055 294535 230611 63924 102684 830520 355640 1385345 304076 127927 52765 277197 474880
is_linear=0
shrinkage=0.1


Tree=16
num_leaves=15
num_cat=0
split_feature=1 4 3 4 1 4 2 1 4 4 2 1 1 1
split_gain=186608 14963.4 26159.3 11654.8 7872.97 7466.86 2305.57 23544.6 1469.8 12708.9 393.437 192.685 0.105305 0.00582668
threshold=0.024447817350000001 0.46055894225000005 0.21427569620000003 0.38898711630000005 0.044351067400000006 0.38660204125000003 0.12991836105000001 0.042238868750000012 0.29368752295000006 0.29463231170000004 0.094609584600000018 0.042238868750000012 0.031267364500000006 0.043739480900000009
decision_type=2 2 2 2 2 2 2 2 2 2 2 2 2 2
left_child=8 2 3 5 11 -2 7 12 -1 -10 -5 -4 -3 -8
right_child=1 6 4 10 -6 -7 13 -9 9 -11 -12 -13 -14 -15
leaf_value=-0.11085377295913777 0.038976829572283364 0.11069880226701934 -0.15949228432662602 0.117508001581523 0.11085378863121607 -0.1280374665978524 0.11124165734425995 -0.11085377295913777 0.11085378863121607 -0.11085377295913777 0.051445829056575479 -0.1123770749142292 0.11123293885451552 0.11085372767945977
leaf_weight=77000.577958613634 10976.412899851799 4235.2629700601101 7365.0908205136657 20240.437087483704 1297.334776327014 3540.2853176593781 389.9355613142252 5586.1735949218273 2973.0927713066339 19833.077581256628 943.53325533866882 983.9811537116766 28721.352913573384 54829.736026994884
leaf_count=1081269 77010 36854 39959 121505 11159 25674 3261 78443 25573 278503 6422 12806 240343 471619
internal_value=8.81648e-05 0.0749471 0.0277869 0.0672674 -0.118328 -0.00175408 0.0977556 0.0789863 -0.104249 -0.0819512 0.114566 -0.15394 0.111164 0.110856
internal_weight=238916 139110 45347.1 35700.7 9646.41 14516.7 93762.5 38542.8 99806.7 22806.2 21184 8349.07 32956.6 55219.7
internal_count=2510400 1125055 294535 230611 63924 102684 830520 355640 1385345 304076 127927 52765 277197 474880
is_linear=0
shrinkage=0.1


Tree=17
num_leaves=15
num_cat=0
split_feature=1 4 3 4 1 2 1 2 1 4 4 1 1 1
split_gain=166244 14063.3 22549 11528.5 6759.45 5030.91 2877.55 2066.54 21068.6 1315.58 11375.3 126.105 0.0753873 0.00417146
threshold=0.024447817350000001 0.46055894225000005 0.21427569620000003 0.35504912325000004 0.044351067400000006 0.077965066749999964 0.049628440300000007 0.12991836105000001 0.042238868750000012 0.29368752295000006 0.29463231170000004 0.042238868750000012 0.031267364500000006 0.043739480900000009
decision_type=2 2 2 2 2 2 2 2 2 2 2 2 2 2
left_child=9 2 3 6 11 -5 -2 8 12 -1 -11 -4 -3 -9
right_child=1 7 4 5 -6 -7 -8 13 -10 10 -12 -13 -14 -15
leaf_value=-0.10971489648681483 -0.1199894466375427 0.10957764871132956 -0.15082233667480341 0.027135490868402057 0.10971488879768183 0.11501949985585949 0.1474810024255577 0.11005816011553904 -0.10971489648681483 0.10971488879768183 -0.10971489648681483 -0.11107072321573891 0.11005045279831323 0.10971484122840561
leaf_weight=70359.160208925605 3730.6976904422045 3869.4241267740726 7026.9241957738996 9685.3481200635433 1185.4377597868443 19890.886638149619 450.83475369215012 356.42781823128462 5104.3575689941645 2716.6591837108135 18122.444272115827 900.27737338840961 26253.076980829239 50100.587986022234
leaf_count=1081269 35337 36854 39959 72184 11159 121521 1569 3261 78443 25573 278503 12806 240343 471619
internal_value=8.73955e-05 0.0733457 0.0265859 0.0642667 -0.113003 0.0862401 -0.0911519 0.096741 0.0781546 -0.103178 -0.0811093 -0.146308 0.10999 0.109717
internal_weight=219753 128554 42870.4 33757.8 9112.64 29576.2 4181.53 85683.9 35226.9 91198.3 20839.1 7927.2 30122.5 50457
internal_count=2510400 1125055 294535 230611 63924 193705 36906 830520 355640 1385345 304076 52765 277197 474880
is_linear=0
shrinkage=0.1


Tree=18
num_leaves=15
num_cat=0
split_feature=1 4 1 1 2 1 2 1 4 4 4 4 2 1
split_gain=148236 13231.8 19790.2 14809.3 9121.58 15652.9 1854.1 18875.1 1178.88 10193.3 353.165 117.605 85.933 0.0541624
threshold=0.024447817350000001 0.46055894225000005 0.030557238450000003 0.044351067400000006 0.077965066749999964 0.025355248700000003 0.12991836105000001 0.042238868750000012 0.29368752295000006 0.29463231170000004 0.38898711630000005 0.38898711630000005 0.097228337050000016 0.031267364500000006
decision_type=2 2 2 2 2 2 2 2 2 2 2 2 2 2
left_child=8 2 4 12 5 -2 7 13 -1 -10 -6 -5 -4 -3
right_child=1 6 3 11 10 -7 -8 -9 9 -11 -12 -13 -14 -15
leaf_value=-0.10870541165721442 0.11326548745206544 0.10858360759744637 -0.14142571240558033 0.15349949680252992 0.15909395768787216 -0.12167626001226964 0.10870751982133441 -0.10870541165721442 0.10870541283073516 -0.10870541165721442 0.11392585072420908 0.10986558281286055 -0.11456636963808267 0.10900308248454949
leaf_weight=64224.52639900893 6047.5772085785866 3531.6103939712048 8313.4212842434645 928.97157648205757 1962.5074484348297 5339.5783882811666 46057.751880146563 4659.3072809055448 2479.7928352579474 16542.343557156622 14678.496815949678 1843.4844753295183 1390.3722801655531 23971.323409467936
leaf_count=1081269 44908 36854 52896 3175 6386 48021 474880 78443 25573 278503 103934 17547 17668 240343
internal_value=8.12104e-05 0.0718187 0.0254263 -0.0793419 0.072062 0.00309839 0.0958419 0.0774178 -0.102229 -0.080363 0.119253 0.124486 -0.137577 0.108949
internal_weight=201971 118724 40504.4 12476.2 28028.2 11387.2 78220 32162.2 83246.7 19022.1 16641 2772.46 9703.79 27502.9
internal_count=2510400 1125055 294535 91286 203249 92929 830520 355640 1385345 304076 110320 20722 70564 277197
is_linear=0
shrinkage=0.1


Tree=19
num_leaves=15
num_cat=0
split_feature=1 4 1 1 2 1 2 1 4 4 4 4 2 1
split_gain=132726 12076.5 17473.8 12948.1 8079.71 13920.6 1664.95 16927.5 1057.44 9143.35 237.089 79.9962 58.2359 0.0390387
threshold=0.024447817350000001 0.46055894225000005 0.030557238450000003 0.044351067400000006 0.077965066749999964 0.025355248700000003 0.12991836105000001 0.042238868750000012 0.29368752295000006 0.29463231170000004 0.38898711630000005 0.38898711630000005 0.097228337050000016 0.031267364500000006
decision_type=2 2 2 2 2 2 2 2 2 2 2 2 2 2
left_child=8 2 4 12 5 -2 7 13 -1 -10 -6 -5 -4 -3
right_child=1 6 3 11 10 -7 -8 -9 9 -11 -12 -13 -14 -15
leaf_value=-0.10780870768180364 0.11184868928790384 0.10770038808719976 -0.13609811198049704 0.14603367988341562 0.15040219124852086 -0.11923970666785502 0.10781057671013328 -0.10780870768180364 0.10780870478345039 -0.10780870768180364 0.11242637284588182 0.10884384055725059 -0.11303961144338662 0.10807331700838214
leaf_weight=58571.372375831008 5537.8299198746681 3220.3977805972099 7801.3256172984838 881.26724293828011 1872.909143269062 4925.0775731876493 42003.749983176589 4249.1869861036539 2261.5172407478094 15086.257832959294 13449.693031072617 1682.9102017059922 1274.1803915053606 21867.201399348676
leaf_count=1081269 44908 36854 52896 3175 6386 48021 474880 78443 25573 278503 103934 17547 17668 240343
internal_value=8.30613e-05 0.0709089 0.0249034 -0.0767984 0.070812 0.00307125 0.0950434 0.0767637 -0.101386 -0.0797001 0.117068 0.121625 -0.132861 0.108025
internal_weight=184685 108766 37425.2 11639.7 25785.5 10462.9 71340.5 29336.8 75919.1 17347.8 15322.6 2564.18 9075.51 25087.6
internal_count=2510400 1125055 294535 91286 203249 92929 830520 355640 1385345 304076 110320 20722 70564 277197
is_linear=0
shrinkage=0.1


Tree=20
num_leaves=15
num_cat=0
split_feature=1 4 1 1 2 1 2 1 4 4 4 4 2 1
split_gain=118971 11006.9 15474 11369.1 7174.85 12403.5 1496.25 15194.8 949.373 8208.89 161.312 55.04 39.8954 0.0282187
threshold=0.024447817350000001 0.46055894225000005 0.030557238450000003 0.044351067400000006 0.077965066749999964 0.025355248700000003 0.12991836105000001 0.042238868750000012 0.29368752295000006 0.29463231170000004 0.38898711630000005 0.38898711630000005 0.097228337050000016 0.031267364500000006
decision_type=2 2 2 2 2 2 2 2 2 2 2 2 2 2
left_child=8 2 4 12 5 -2 7 13 -1 -10 -6 -5 -4 -3
right_child=1 6 3 11 10 -7 -8 -9 9 -11 -12 -13 -14 -15
leaf_value=-0.10701065382707149 0.11059789385902374 0.10691414797784966 -0.13160743020469634 0.13989289072341907 0.14336412797590686 -0.11711424356038985 0.10701232149861875 -0.10701065382707149 0.10701065907016725 -0.10701065382707149 0.11110499943151314 0.10793562135614027 -0.11168631400883849 0.10724630415469938
leaf_weight=53372.597480110824 5064.598160803318 2934.2694863080978 7287.2205664217472 830.56474037468433 1773.4756035804749 4533.1020356342196 38275.573363378644 3872.0306086018682 2060.7856080457568 13747.206769086421 12307.092737987638 1534.9175648763776 1166.179545596242 19931.035825967789
leaf_count=1081269 44908 36854 52896 3175 6386 48021 474880 78443 25573 278503 103934 17547 17668 240343
internal_value=8.46833e-05 0.0701064 0.0244495 -0.0746321 0.0697211 0.00304688 0.0943329 0.0761817 -0.100635 -0.0791101 0.115168 0.119156 -0.128859 0.107204
internal_weight=168691 99510.1 34497.2 10818.9 23678.3 9597.7 65012.9 26737.3 69180.6 15808 14080.6 2365.48 8453.4 22865.3
internal_count=2510400 1125055 294535 91286 203249 92929 830520 355640 1385345 304076 110320 20722 70564 277197
is_linear=0
shrinkage=0.1


Tree=21
num_leaves=15
num_cat=0
split_feature=1 4 1 1 2 1 2 1 4 4 4 4 2 1
split_gain=106745 10020.8 13737.6 10018.9 6385.12 11070.3 1345.57 13650.6 853.027 7375.82 110.976 38.231 27.5847 0.0204466
threshold=0.024447817350000001 0.46055894225000005 0.030557238450000003 0.044351067400000006 0.077965066749999964 0.025355248700000003 0.12991836105000001 0.042238868750000012 0.29368752295000006 0.29463231170000004 0.38898711630000005 0.38898711630000005 0.097228337050000016 0.031267364500000006
decision_type=2 2 2 2 2 2 2 2 2 2 2 2 2 2
left_child=8 2 4 12 5 -2 7 13 -1 -10 -6 -5 -4 -3
right_child=1 6 3 11 10 -7 -8 -9 9 -11 -12 -13 -14 -15
leaf_value=-0.10629917905442116 0.1094907335547517 0.10621307829213499 -0.12778805052811124 0.13477368635182105 0.13757235651927763 -0.11525246552798683 0.10630067466356846 -0.10629917905442116 0.10629918581537615 -0.10629917905442116 0.10993724166228358 0.10712681887181226 -0.11048410696099567 0.10650938029328035
leaf_weight=48600.235023770481 4626.6020994782448 2671.6661502867937 6780.5718122683465 778.57656680047512 1668.7129799127579 4164.5684256702662 34853.179194025695 3525.809244479984 1876.5185637548566 12517.986971627921 11248.1381970644 1398.8003493249416 1066.0965097621083 18152.745077081025
leaf_count=1081269 44908 36854 52896 3175 6386 48021 474880 78443 25573 278503 103934 17547 17668 240343
internal_value=8.6105e-05 0.0693965 0.0240536 -0.0727732 0.068765 0.003025 0.0936995 0.0756631 -0.0999662 -0.0785841 0.113507 0.117013 -0.125437 0.106471
internal_weight=153930 90935.5 31732.1 10024 21708 8791.17 59203.4 24350.2 62994.7 14394.5 12916.9 2177.38 7846.67 20824.4
internal_count=2510400 1125055 294535 91286 203249 92929 830520 355640 1385345 304076 110320 20722 70564 277197
is_linear=0
shrinkage=0.1


Tree=22
num_leaves=15
num_cat=0
split_feature=1 4 1 1 2 1 2 1 4 4 4 4 2 1
split_gain=95859.9 9114.85 12222.7 8856.41 5692.97 9894.83 1210.82 12272.3 767.004 6632.01 77.0575 26.7686 19.2248 0.014848
threshold=0.024447817350000001 0.46055894225000005 0.030557238450000003 0.044351067400000006 0.077965066749999964 0.025355248700000003 0.12991836105000001 0.042238868750000012 0.29368752295000006 0.29463231170000004 0.38898711630000005 0.38898711630000005 0.097228337050000016 0.031267364500000006
decision_type=2 2 2 2 2 2 2 2 2 2 2 2 2 2
left_child=8 2 4 12 5 -2 7 13 -1 -10 -6 -5 -4 -3
right_child=1 6 3 11 10 -7 -8 -9 9 -11 -12 -13 -14 -15
leaf_value=-0.10566395329509566 0.10850845510683174 0.10558701457300362 -0.12451483762958349 0.13045879005687169 0.13274322718526216 -0.11361578205124723 0.1056652792552467 -0.10566395329509566 0.10566394721743864 -0.10566395329509566 0.10890268262828094 0.1064053624508271 -0.10941400918966702 0.10585171025722979
leaf_weight=44226.177337300032 4222.2791208326817 2431.0251167118549 6288.2292839772999 726.57007402181625 1561.9686739146709 3819.7501994669437 31716.41014046967 3208.4837620146573 1707.6304468661547 11391.358734015375 10269.470197126269 1273.8299824371934 973.59545463323593 16522.120401106775
leaf_count=1081269 44908 36854 52896 3175 6386 48021 474880 78443 25573 278503 103934 17547 17668 240343
internal_value=8.73424e-05 0.0687668 0.0237066 -0.0711679 0.0679239 0.00300535 0.0931341 0.0752002 -0.0993688 -0.0781145 0.11205 0.115142 -0.12249 0.105818
internal_weight=140339 83013.7 29135.7 9262.22 19873.5 8042.03 53878 22161.6 57325.2 13099 11831.4 2000.4 7261.82 18953.1
internal_count=2510400 1125055 294535 91286 203249 92929 830520 355640 1385345 304076 110320 20722 70564 277197
is_linear=0
shrinkage=0.1


Tree=23
num_leaves=15
num_cat=0
split_feature=1 4 1 1 2 1 2 1 4 4 4 4 2 1
split_gain=86151.1 8284.58 10895.3 7849.78 5084.13 8855.63 1090.16 11040.3 690.094 5967 53.9276 18.8707 13.4911 0.0108065
threshold=0.024447817350000001 0.46055894225000005 0.030557238450000003 0.044351067400000006 0.077965066749999964 0.025355248700000003 0.12991836105000001 0.042238868750000012 0.29368752295000006 0.29463231170000004 0.38898711630000005 0.38898711630000005 0.097228337050000016 0.031267364500000006
decision_type=2 2 2 2 2 2 2 2 2 2 2 2 2 2
left_child=8 2 4 12 5 -2 7 13 -1 -10 -6 -5 -4 -3
right_child=1 6 3 11 10 -7 -8 -9 9 -11 -12 -13 -14 -15
leaf_value=-0.10509600901371036 0.10763516025242069 0.10502717228459885 -0.12169147920531508 0.12678829869085026 0.12867290741591395 -0.11217243442217739 0.10509719114616095 -0.10509600901371036 0.10509599978407716 -0.10509600901371036 0.10798408341804747 0.10576087951950547 -0.10845986724740019 0.10526396497211439
leaf_weight=40222.715527240187 3849.8874133229256 2210.8091287538409 5815.0010190047324 675.47029076516628 1455.7042538225651 3498.4419283904135 28845.397682860494 2918.0439595542848 1553.0516012012959 10360.185062628239 9367.2021819502115 1159.2739783711731 888.29896850138903 15029.044371902943
leaf_count=1081269 44908 36854 52896 3175 6386 48021 474880 78443 25573 278503 103934 17547 17668 240343
internal_value=8.84289e-05 0.0682073 0.0234016 -0.069774 0.0671816 0.00298769 0.0926286 0.0747864 -0.0988347 -0.0776946 0.110767 0.113502 -0.119938 0.105234
internal_weight=127849 75712.6 26709.3 8538.04 18171.2 7348.33 49003.3 20157.9 52136 11913.2 10822.9 1834.74 6703.3 17239.9
internal_count=2510400 1125055 294535 91286 203249 92929 830520 355640 1385345 304076 110320 20722 70564 277197
is_linear=0
shrinkage=0.1


Tree=24
num_leaves=15
num_cat=0
split_feature=1 4 1 1 2 1 2 1 4 4 4 4 2 1
split_gain=77479 7525.28 9728.12 6973.73 4546.9 7934.65 982.012 9937.78 621.249 5371.72 37.9944 13.3808 9.52425 0.0078786
threshold=0.024447817350000001 0.46055894225000005 0.030557238450000003 0.044351067400000006 0.077965066749999964 0.025355248700000003 0.12991836105000001 0.042238868750000012 0.29368752295000006 0.29463231170000004 0.38898711630000005 0.38898711630000005 0.097228337050000016 0.031267364500000006
decision_type=2 2 2 2 2 2 2 2 2 2 2 2 2 2
left_child=8 2 4 12 5 -2 7 13 -1 -10 -6 -5 -4 -3
right_child=1 6 3 11 10 -7 -8 -9 9 -11 -12 -13 -14 -15
leaf_value=-0.10458761411830859 0.10685735083741875 0.10452595493482256 -0.1192425344585874 0.12364176591582499 0.125210988516956 -0.11089605126502067 0.10458868688205616 -0.10458761411830859 0.10458762208301475 -0.10458761411830859 0.10716684694490741 0.10518440524300827 -0.1076077944415022 0.10473802177683025
leaf_weight=36562.901999864727 3507.5819999873638 2009.5255494341254 5364.1090651154518 625.93815664947033 1351.7008071839809 3200.0866181440651 26220.819092325866 2652.5348655842245 1411.7413317039609 9417.5250522010028 8537.1239092200994 1054.4098790176213 809.8052326887846 13663.642202485353
leaf_count=1081269 44908 36854 52896 3175 6386 48021 474880 78443 25573 278503 103934 17547 17668 240343
internal_value=8.93839e-05 0.067709 0.0231325 -0.0685579 0.0665248 0.00297182 0.0921762 0.0744161 -0.0983566 -0.0773188 0.109633 0.11206 -0.117716 0.104711
internal_weight=116389 68997.3 24450.8 7854.26 16596.5 6707.67 44546.5 18325.7 47392.2 10829.3 9888.82 1680.35 6173.91 15673.2
internal_count=2510400 1125055 294535 91286 203249 92929 830520 355640 1385345 304076 110320 20722 70564 277197
is_linear=0
shrinkage=0.1


Tree=25
num_leaves=15
num_cat=0
split_feature=1 4 1 1 2 1 2 1 4 4 4 4 2 1
split_gain=69722.8 6832.01 8698.49 6207.99 4071.53 7116.68 884.985 8950.01 559.557 4838.29 26.9239 9.53572 6.75916 0.00575308
threshold=0.024447817350000001 0.46055894225000005 0.030557238450000003 0.044351067400000006 0.077965066749999964 0.025355248700000003 0.12991836105000001 0.042238868750000012 0.29368752295000006 0.29463231170000004 0.38898711630000005 0.38898711630000005 0.097228337050000016 0.031267364500000006
decision_type=2 2 2 2 2 2 2 2 2 2 2 2 2 2
left_child=8 2 4 12 5 -2 7 13 -1 -10 -6 -5 -4 -3
right_child=1 6 3 11 10 -7 -8 -9 9 -11 -12 -13 -14 -15
leaf_value=-0.10413205143322571 0.10616345361710602 0.10407676197995977 -0.11710810934174326 0.12092661472667179 0.12224393283056188 -0.1097645645482247 0.10413301013351564 -0.10413205143322571 0.10413205070036036 -0.10413205143322571 0.10643851660061097 0.10466816711584388 -0.10684584432704809 0.10426687870889417
leaf_weight=33220.834438065067 3193.475578725338 1825.7413264364004 4937.548201315105 578.43091674149036 1251.2164286971092 2923.8769146166742 23824.102739796042 2410.0773404445499 1282.6998127959669 8556.7070298921317 7774.8648423105478 958.53498715907335 737.70045035332441 12416.390082068741
leaf_count=1081269 44908 36854 52896 3175 6386 48021 474880 78443 25573 278503 103934 17547 17668 240343
internal_value=9.02185e-05 0.0672646 0.0228944 -0.0674926 0.0659422 0.00295754 0.0917708 0.0740844 -0.0979282 -0.076982 0.10863 0.110787 -0.115774 0.104243
internal_weight=105892 62832 22355.6 7212.21 15143.4 6117.35 40476.3 16652.2 43060.2 9839.41 9026.08 1536.97 5675.25 14242.1
internal_count=2510400 1125055 294535 91286 203249 92929 830520 355640 1385345 304076 110320 20722 70564 277197
is_linear=0
shrinkage=0.1


Tree=26
num_leaves=15
num_cat=0
split_feature=1 4 1 1 2 1 2 1 4 4 4 4 2 1
split_gain=62777.6 6199.9 7787.71 5536.14 3649.9 6388.79 797.861 8064.18 504.22 4359.81 19.1747 6.82526 4.81896 0.00420697
threshold=0.024447817350000001 0.46055894225000005 0.030557238450000003 0.044351067400000006 0.077965066749999964 0.025355248700000003 0.12991836105000001 0.042238868750000012 0.29368752295000006 0.29463231170000004 0.38898711630000005 0.38898711630000005 0.097228337050000016 0.031267364500000006
decision_type=2 2 2 2 2 2 2 2 2 2 2 2 2 2
left_child=8 2 4 12 5 -2 7 13 -1 -10 -6 -5 -4 -3
right_child=1 6 3 11 10 -7 -8 -9 9 -11 -12 -13 -14 -15
leaf_value=-0.10372341448110595 0.10554352322440415 0.10367380086242287 -0.11523998552781434 0.11857053811023127 0.11968437390072934 -0.10875935681955949 0.10372427355645181 -0.10372341448110595 0.1037234138248438 -0.10372341448110595 0.10578841780204432 0.10420538687746186 -0.10616366245229492 0.10384439541295831
leaf_weight=30171.839077211916 2905.6817640215158 1658.0926025360823 4536.3737032935023 533.24893625080585 1155.1071670651436 2668.8334487825632 21637.553918346763 2188.881372474134 1164.9740901887417 7771.3757617399096 7076.0118543207645 870.97362336888909 671.56909994781017 11278.191280599684
leaf_count=1081269 44908 36854 52896 3175 6386 48021 474880 78443 25573 278503 103934 17547 17668 240343
internal_value=9.09542e-05 0.0668676 0.0226833 -0.0665561 0.0654243 0.0029447 0.0914072 0.0737869 -0.0975439 -0.0766799 0.107738 0.109661 -0.11407 0.103823
internal_weight=96288.7 57180.5 20417.8 6612.17 13805.6 5574.52 36762.7 15125.2 39108.2 8936.35 8231.12 1404.22 5207.94 12936.3
internal_count=2510400 1125055 294535 91286 203249 92929 830520 355640 1385345 304076 110320 20722 70564 277197
is_linear=0
shrinkage=0.1


Tree=27
num_leaves=15
num_cat=0
split_feature=1 4 1 1 2 1 2 1 4 4 4 4 2 1
split_gain=56552 5624.18 6980.11 4944.7 3275.13 5739.96 719.572 7269.06 454.542 3930.26 13.7155 4.90383 3.44966 0.00308029
threshold=0.024447817350000001 0.46055894225000005 0.030557238450000003 0.044351067400000006 0.077965066749999964 0.025355248700000003 0.12991836105000001 0.042238868750000012 0.29368752295000006 0.29463231170000004 0.38898711630000005 0.38898711630000005 0.097228337050000016 0.031267364500000006
decision_type=2 2 2 2 2 2 2 2 2 2 2 2 2 2
left_child=8 2 4 12 5 -2 7 13 -1 -10 -6 -5 -4 -3
right_child=1 6 3 11 10 -7 -8 -9 9 -11 -12 -13 -14 -15
leaf_value=-0.10335656996598325 0.10498896682235093 0.10331199867933401 -0.11359896301645055 0.11651611431757053 0.11746399237456642 -0.10786464931564338 0.10335733240448304 -0.10335656996598325 0.10335656075404781 -0.10335656996598325 0.10520736166734906 0.10379014446790674 -0.1055522349805994 0.10346520131851955
leaf_weight=27392.567378137261 2642.3481026291847 1505.2904818579555 4160.9274210222065 490.57259067893028 1063.9211370646954 2433.8661964125931 19644.43284002319 1987.2530913613737 1057.6628442257643 7055.517352771014 6436.1967317312956 791.0817272849381 611.00113074481487 10240.422706823796
leaf_count=1081269 44908 36854 52896 3175 6386 48021 474880 78443 25573 278503 103934 17547 17668 240343
internal_value=9.16034e-05 0.0665125 0.0224957 -0.0657302 0.0649631 0.00293315 0.0910809 0.0735199 -0.0971989 -0.0764087 0.106946 0.108661 -0.112569 0.103446
internal_weight=87513.1 52007.3 18629.9 6053.58 12576.3 5076.21 33377.4 13733 35505.7 8113.18 7500.12 1281.65 4771.93 11745.7
internal_count=2510400 1125055 294535 91286 203249 92929 830520 355640 1385345 304076 110320 20722 70564 277197
is_linear=0
shrinkage=0.1


Tree=28
num_leaves=15
num_cat=0
split_feature=1 4 1 1 3 1 2 1 4 4 4 4 2 1
split_gain=50966.3 5100.31 6262.45 4422.51 2944.32 4080.82 649.174 6554.8 409.908 3544.33 7.69865 3.53507 2.47833 0.0022579
threshold=0.024447817350000001 0.46055894225000005 0.030557238450000003 0.044351067400000006 0.18084405824999997 0.025355248700000003 0.12991836105000001 0.042238868750000012 0.29368752295000006 0.29463231170000004 0.38898711630000005 0.38898711630000005 0.097228337050000016 0.031267364500000006
decision_type=2 2 2 2 2 2 2 2 2 2 2 2 2 2
left_child=8 2 4 12 5 -2 7 13 -1 -10 -6 -5 -4 -3
right_child=1 6 3 11 10 -7 -8 -9 9 -11 -12 -13 -14 -15
leaf_value=-0.10302696807728969 0.10440232027728354 0.10298691312915009 -0.11215280034873483 0.11471720453361911 0.1155284945376534 -0.085207989028251815 0.10302765913688113 -0.10302696807728969 0.10302696419706747 -0.10302696807728969 0.1047088959416132 0.10341723188927339 -0.10500370455738682 0.10312459723648115
leaf_weight=24861.072559911758 2107.9894216060638 1366.1235011294484 3811.0174506381154 450.4908986762166 736.46577912569046 2459.329568579793 17828.997129864991 1803.6003203801811 959.9184857532382 6403.4789595864713 6144.8534689545631 718.24985154718161 555.59740881621838 9294.9617687091231
leaf_count=1081269 40108 36854 52896 3175 4809 49598 474880 78443 25573 278503 108734 17547 17668 240343
internal_value=9.21787e-05 0.0661945 0.0223287 -0.0649999 0.0645516 0.0023043 0.0907877 0.07328 -0.0968889 -0.0761651 0.105867 0.107773 -0.111243 0.103107
internal_weight=79502.1 47277.7 16984 5535.36 11448.6 4567.32 30293.7 12464.7 32224.5 7363.4 6881.32 1168.74 4366.61 10661.1
internal_count=2510400 1125055 294535 91286 203249 89706 830520 355640 1385345 304076 113543 20722 70564 277197
is_linear=0
shrinkage=0.1


Tree=29
num_leaves=15
num_cat=0
split_feature=1 4 1 1 2 1 2 1 4 4 4 4 2 1
split_gain=45922.6 4649.64 5599.56 3960.28 2729.61 4695.63 585.832 5912.71 369.779 3197.35 8.68063 2.55582 1.78617 0.00165683
threshold=0.024447817350000001 0.46055894225000005 0.030557238450000003 0.044351067400000006 0.077965066749999964 0.025355248700000003 0.12991836105000001 0.042238868750000012 0.29368752295000006 0.29463231170000004 0.38898711630000005 0.38898711630000005 0.097228337050000016 0.031267364500000006
decision_type=2 2 2 2 2 2 2 2 2 2 2 2 2 2
left_child=8 2 4 12 5 -2 7 13 -1 -10 -6 -5 -4 -3
right_child=1 6 3 11 10 -7 -8 -9 9 -11 -12 -13 -14 -15
leaf_value=-0.10273063347396566 0.10404724228095948 0.1026946097835247 -0.11087475684924097 0.11313626059844389 0.11468113037442262 -0.10649399193618865 0.1027312650854247 -0.10273063347396566 0.10273063585509518 -0.10273063347396566 0.10422135088996148 0.10308210594205902 -0.10451117289077105 0.10281843141213927
leaf_weight=22556.811613865197 2182.0609905719757 1239.4587280154228 3486.0609961804003 413.02427706122398 932.59974990785122 2058.7333602290601 16176.51618495211 1636.4327225014567 870.9479182548821 5809.9693091139197 5316.7059220820665 651.90450648590922 504.97367410361767 8434.1971176154912
leaf_count=1081269 44908 36854 52896 3175 6386 48021 474880 78443 25573 278503 103934 17547 17668 240343
internal_value=9.72906e-05 0.0658034 0.0220954 -0.0643525 0.0637611 0.00183803 0.0905241 0.0730644 -0.0966103 -0.075946 0.105782 0.106982 -0.11007 0.102803
internal_weight=72270.4 43032.7 15546.1 5055.96 10490.1 4240.79 27486.6 11310.1 29237.7 6680.92 6249.31 1064.93 3991.03 9673.66
internal_count=2510400 1125055 294535 91286 203249 92929 830520 355640 1385345 304076 110320 20722 70564 277197
is_linear=0
shrinkage=0.1


Tree=30
num_leaves=15
num_cat=0
split_feature=1 4 1 1 2 1 2 1 4 4 4 4 2 1
split_gain=41417.3 4214.79 5031.71 3550.19 2454.48 4226.57 528.808 5335.14 333.678 2885.19 6.26919 1.8526 1.29096 0.00121717
threshold=0.024447817350000001 0.46055894225000005 0.030557238450000003 0.044351067400000006 0.077965066749999964 0.025355248700000003 0.12991836105000001 0.042238868750000012 0.29368752295000006 0.29463231170000004 0.38898711630000005 0.38898711630000005 0.097228337050000016 0.031267364500000006
decision_type=2 2 2 2 2 2 2 2 2 2 2 2 2 2
left_child=8 2 4 12 5 -2 7 13 -1 -10 -6 -5 -4 -3
right_child=1 6 3 11 10 -7 -8 -9 9 -11 -12 -13 -14 -15
leaf_value=-0.10246404579931008 0.10364768657356434 0.1024316199249026 -0.10974246731451949 0.11174243029322335 0.11309322618977578 -0.1058423797816033 0.10246461297359902 -0.10246404579931008 0.1024640448591369 -0.10246404579931008 0.10380354880295591 0.10278072694217905 -0.10406857809950609 0.10254305369830048
leaf_weight=20460.645303586498 1981.633484005928 1124.241417888552 3185.1958590038121 378.14212116599083 855.09021992981434 1873.701556680724 14673.268441842869 1484.3618003930897 790.01225205138326 5270.0586986076087 4829.1297389343381 591.50913046859205 458.7632179223001 7651.0277529470623
leaf_count=1081269 44908 36854 52896 3175 6386 48021 474880 78443 25573 278503 103934 17547 17668 240343
internal_value=9.76587e-05 0.0655459 0.0219609 -0.0637773 0.0634265 0.00183504 0.0902869 0.0728704 -0.0963595 -0.0757489 0.105201 0.106276 -0.109028 0.102529
internal_weight=65606.8 39086.1 14153.2 4613.61 9539.55 3855.34 24932.9 10259.6 26520.7 6060.07 5684.22 969.651 3643.96 8775.27
internal_count=2510400 1125055 294535 91286 203249 92929 830520 355640 1385345 304076 110320 20722 70564 277197
is_linear=0
shrinkage=0.1


Tree=31
num_leaves=15
num_cat=0
split_feature=1 4 1 1 2 1 2 1 4 4 4 4 2 1
split_gain=37365.9 3819.81 4524.64 3185.61 2208.49 3806.36 477.446 4815.3 301.181 2604.2 4.53982 1.34594 0.935397 0.000894496
threshold=0.024447817350000001 0.46055894225000005 0.030557238450000003 0.044351067400000006 0.077965066749999964 0.025355248700000003 0.12991836105000001 0.042238868750000012 0.29368752295000006 0.29463231170000004 0.38898711630000005 0.38898711630000005 0.097228337050000016 0.031267364500000006
decision_type=2 2 2 2 2 2 2 2 2 2 2 2 2 2
left_child=8 2 4 12 5 -2 7 13 -1 -10 -6 -5 -4 -3
right_child=1 6 3 11 10 -7 -8 -9 9 -11 -12 -13 -14 -15
leaf_value=-0.10222407519610177 0.10328885774536455 0.10219488184999995 -0.10873709689024205 0.11051012747330712 0.1116953771179984 -0.10525918638364976 0.10222457417603339 -0.10222407519610177 0.10222407146517287 -0.10222407519610177 0.10342852137211854 0.10250952236919347 -0.10367059244173933 0.1022951966169897
leaf_weight=18554.803926575929 1798.96776714921 1019.4921993464231 2907.3673478066921 345.77688635885715 782.9033160880208 1704.3090814445168 13306.509758129716 1346.0984125249088 716.42523239739239 4779.1701768599451 4384.613485775888 536.56343939341605 416.61847512423992 6938.8554116990417
leaf_count=1081269 44908 36854 52896 3175 6386 48021 474880 78443 25573 278503 103934 17547 17668 240343
internal_value=9.79858e-05 0.0653147 0.0218407 -0.0632654 0.0631269 0.00183232 0.0900735 0.0726959 -0.0961339 -0.0755715 0.104681 0.105645 -0.108102 0.102282
internal_weight=59538.5 35488.1 12877.1 4206.33 8670.79 3503.28 22611 9304.45 24050.4 5495.6 5167.52 882.34 3323.99 7958.35
internal_count=2510400 1125055 294535 91286 203249 92929 830520 355640 1385345 304076 110320 20722 70564 277197
is_linear=0
shrinkage=0.1


Tree=32
num_leaves=15
num_cat=0
split_feature=1 4 1 1 2 1 2 1 4 4 4 4 2 1
split_gain=33720.5 3461.2 4071.23 2860.9 1988.27 3429.52 431.164 4347.17 271.914 2351.15 3.29533 0.979825 0.679288 0.000658152
threshold=0.024447817350000001 0.46055894225000005 0.030557238450000003 0.044351067400000006 0.077965066749999964 0.025355248700000003 0.12991836105000001 0.042238868750000012 0.29368752295000006 0.29463231170000004 0.38898711630000005 0.38898711630000005 0.097228337050000016 0.031267364500000006
decision_type=2 2 2 2 2 2 2 2 2 2 2 2 2 2
left_child=8 2 4 12 5 -2 7 13 -1 -10 -6 -5 -4 -3
right_child=1 6 3 11 10 -7 -8 -9 9 -11 -12 -13 -14 -15
leaf_value=-0.10200795188285408 0.1029663733850041 0.10198165248811664 -0.10784267595778518 0.10941793036584085 0.11046120248024918 -0.10473664543601456 0.10200841193142918 -0.10200795188285408 0.10200795337679716 -0.10200795188285408 0.10309164420144266 0.10226535364248335 -0.10331249916148361 0.10207202168051917
leaf_weight=16822.839984764345 1632.6116561293602 924.30522077158093 2651.3966848701239 315.83489847928286 715.90913736820221 1549.4237939603627 12064.443247208372 1220.4493395490572 649.551858112216 4333.0673535233364 3979.6659215763211 486.60284151509404 378.21202382817864 6291.5648708138615
leaf_count=1081269 44908 36854 52896 3175 6386 48021 474880 78443 25573 278503 103934 17547 17668 240343
internal_value=9.82816e-05 0.0651069 0.021733 -0.062809 0.0628583 0.00182985 0.0898812 0.0725387 -0.0959306 -0.0754117 0.104215 0.105081 -0.107277 0.10206
internal_weight=54015.9 32210.4 11709.7 3832.05 7877.61 3182.04 20500.8 8436.32 21805.5 4982.62 4695.58 802.438 3029.61 7215.87
internal_count=2510400 1125055 294535 91286 203249 92929 830520 355640 1385345 304076 110320 20722 70564 277197
is_linear=0
shrinkage=0.1


Tree=33
num_leaves=15
num_cat=0
split_feature=1 4 1 1 2 1 2 1 4 4 4 4 2 1
split_gain=30438.7 3135.76 3665.32 2571.25 1790.92 3091.29 389.443 3925.43 245.545 2123.14 2.39704 0.714582 0.494289 0.000484327
threshold=0.024447817350000001 0.46055894225000005 0.030557238450000003 0.044351067400000006 0.077965066749999964 0.025355248700000003 0.12991836105000001 0.042238868750000012 0.29368752295000006 0.29463231170000004 0.38898711630000005 0.38898711630000005 0.097228337050000016 0.031267364500000006
decision_type=2 2 2 2 2 2 2 2 2 2 2 2 2 2
left_child=8 2 4 12 5 -2 7 13 -1 -10 -6 -5 -4 -3
right_child=1 6 3 11 10 -7 -8 -9 9 -11 -12 -13 -14 -15
leaf_value=-0.10181323132898695 0.10267634180486462 0.10178953390825839 -0.10704556619862014 0.10844780074864119 0.10936865963226627 -0.10426799897272027 0.10181363896161295 -0.10181323132898695 0.10181323201404527 -0.10181323132898695 0.10278879494010416 0.10204540673827422 -0.10299011567379422 0.10187095756849454
leaf_weight=15249.565749878995 1481.208310700953 837.84416886791587 2416.034093350172 288.20481823384762 653.9207823947072 1407.9566005468369 10936.179571481422 1106.3127548443154 588.80566647462547 3927.8383177900687 3611.0195978432894 441.19712427258492 343.2370497584343 5703.5069355797023
leaf_count=1081269 44908 36854 52896 3175 6386 48021 474880 78443 25573 278503 103934 17547 17668 240343
internal_value=9.85401e-05 0.06492 0.0216365 -0.0624015 0.0626173 0.0018276 0.0897081 0.072397 -0.0957475 -0.0752678 0.103798 0.104575 -0.106541 0.101861
internal_weight=48992.8 29226.6 10642.8 3488.67 7154.11 2889.16 18583.8 7647.66 19766.2 4516.64 4264.94 729.402 2759.27 6541.35
internal_count=2510400 1125055 294535 91286 203249 92929 830520 355640 1385345 304076 110320 20722 70564 277197
is_linear=0
shrinkage=0.1


Tree=34
num_leaves=15
num_cat=0
split_feature=1 4 1 1 2 1 2 1 4 4 4 4 2 1
split_gain=27482.6 2840.52 3301.53 2312.49 1613.88 2787.47 351.819 3545.3 221.776 1917.61 1.7469 0.521973 0.36032 0.000356874
threshold=0.024447817350000001 0.46055894225000005 0.030557238450000003 0.044351067400000006 0.077965066749999964 0.025355248700000003 0.12991836105000001 0.042238868750000012 0.29368752295000006 0.29463231170000004 0.38898711630000005 0.38898711630000005 0.097228337050000016 0.031267364500000006
decision_type=2 2 2 2 2 2 2 2 2 2 2 2 2 2
left_child=8 2 4 12 5 -2 7 13 -1 -10 -6 -5 -4 -3
right_child=1 6 3 11 10 -7 -8 -9 9 -11 -12 -13 -14 -15
leaf_value=-0.10163770202509621 0.10241535124237824 0.10161633705121412 -0.10633409258076494 0.10758442852561177 0.10839927017404759 -0.10384731111310366 0.10163807223869084 -0.10163770202509621 0.10163770216662263 -0.10163770202509621 0.10251638274634403 0.10184720728045094 -0.10269973671310162 0.10168975466026338
leaf_weight=13820.993849840015 1343.4941437840462 759.33911094814539 2199.9977177605033 262.76421849429607 596.71243334561586 1278.8694539945573 9911.6874267365783 1002.6739142276347 533.64663735218346 3559.880335200578 3275.6258252263069 399.94901682063937 311.40712795779109 5169.4747129231691
leaf_count=1081269 44908 36854 52896 3175 6386 48021 474880 78443 25573 278503 103934 17547 17668 240343
internal_value=9.87771e-05 0.0647519 0.02155 -0.0620371 0.062401 0.00182556 0.089552 0.0722694 -0.0955824 -0.075138 0.103423 0.104122 -0.105883 0.10168
internal_weight=44426.5 26512 9668.82 3174.12 6494.7 2622.36 16843.2 6931.49 17914.5 4093.53 3872.34 662.713 2511.4 5928.81
internal_count=2510400 1125055 294535 91286 203249 92929 830520 355640 1385345 304076 110320 20722 70564 277197
is_linear=0
shrinkage=0.1


Tree=35
num_leaves=15
num_cat=0
split_feature=1 4 1 1 2 1 2 1 4 4 4 4 2 1
split_gain=24818.9 2572.77 2975.19 2081.04 1454.94 2514.36 317.879 3202.56 200.342 1732.29 1.27522 0.381827 0.263084 0.000262959
threshold=0.024447817350000001 0.46055894225000005 0.030557238450000003 0.044351067400000006 0.077965066749999964 0.025355248700000003 0.12991836105000001 0.042238868750000012 0.29368752295000006 0.29463231170000004 0.38898711630000005 0.38898711630000005 0.097228337050000016 0.031267364500000006
decision_type=2 2 2 2 2 2 2 2 2 2 2 2 2 2
left_child=8 2 4 12 5 -2 7 13 -1 -10 -6 -5 -4 -3
right_child=1 6 3 11 10 -7 -8 -9 9 -11 -12 -13 -14 -15
leaf_value=-0.10147943110109947 0.10218036569850425 0.10146015774903397 -0.10569816825780919 0.10681474780632039 0.10753739152286501 -0.1034693862514372 0.10147976158058779 -0.10147943110109947 0.10147943110760181 -0.10147943110109947 0.10227119093176294 0.10166851415644039 -0.10243806839606884 0.10152636157337008
leaf_weight=12524.264764023945 1218.2970059886575 688.08223888650537 2002.0051510268822 239.38453134521842 544.03369342535734 1161.1800999920815 8981.7449049837887 908.59989594109356 483.578239928931 3225.881172562018 2970.65254400298 362.49249973893166 282.45591924339533 4684.6785416807979
leaf_count=1081269 44908 36854 52896 3175 6386 48021 474880 78443 25573 278503 103934 17547 17668 240343
internal_value=9.89828e-05 0.0646005 0.0214722 -0.0617109 0.0622066 0.0018237 0.0894112 0.0721543 -0.0954336 -0.075021 0.103086 0.103715 -0.105295 0.101518
internal_weight=40277.3 24043.6 8780.5 2886.34 5894.16 2379.48 15263.1 6281.36 16233.7 3709.46 3514.69 601.877 2284.46 5372.76
internal_count=2510400 1125055 294535 91286 203249 92929 830520 355640 1385345 304076 110320 20722 70564 277197
is_linear=0
shrinkage=0.1


Tree=36
num_leaves=15
num_cat=0
split_feature=1 4 1 1 2 1 2 1 4 4 4 4 2 1
split_gain=22417.5 2330 2682.2 1873.77 1312.12 2268.7 287.253 2893.42 181.009 1565.12 0.932282 0.279664 0.192364 0.000193903
threshold=0.024447817350000001 0.46055894225000005 0.030557238450000003 0.044351067400000006 0.077965066749999964 0.025355248700000003 0.12991836105000001 0.042238868750000012 0.29368752295000006 0.29463231170000004 0.38898711630000005 0.38898711630000005 0.097228337050000016 0.031267364500000006
decision_type=2 2 2 2 2 2 2 2 2 2 2 2 2 2
left_child=8 2 4 12 5 -2 7 13 -1 -10 -6 -5 -4 -3
right_child=1 6 3 11 10 -7 -8 -9 9 -11 -12 -13 -14 -15
leaf_value=-0.10133666341840203 0.10196869780233167 0.10131928521154987 -0.10512907368910372 0.10612754382024048 0.1067696920804881 -0.10312963034603986 0.10133696169255482 -0.10133666341840203 0.10133665454010177 -0.10133666341840203 0.10205040540421073 0.10150736704675728 -0.10220218391280352 0.1013790103849225
leaf_weight=11347.576332547702 1104.5325350835919 623.42416223883629 1820.7946430416778 217.93498996272683 495.62053909897804 1053.9642419172451 8137.8882036935538 823.23448675032705 438.144765233621 2922.8009416190907 2693.4769675768912 328.49099489487708 256.13653069734573 4244.7200275231153
leaf_count=1081269 44908 36854 52896 3175 6386 48021 474880 78443 25573 278503 103934 17547 17668 240343
internal_value=9.91709e-05 0.0644642 0.0214024 -0.0614186 0.0620317 0.00182201 0.0892842 0.0720505 -0.0952993 -0.0749155 0.102784 0.10335 -0.104768 0.101371
internal_weight=36508.7 21800.2 7970.95 2623.36 5347.59 2158.5 13829.3 5691.38 14708.5 3360.95 3189.1 546.426 2076.93 4868.14
internal_count=2510400 1125055 294535 91286 203249 92929 830520 355640 1385345 304076 110320 20722 70564 277197
is_linear=0
shrinkage=0.1


Tree=37
num_leaves=15
num_cat=0
split_feature=1 4 1 1 2 1 2 1 4 4 4 4 2 1
split_gain=20252 2109.94 2418.93 1687.97 1183.72 2047.6 259.611 2614.5 163.565 1414.29 0.682479 0.205069 0.140835 0.000143067
threshold=0.024447817350000001 0.46055894225000005 0.030557238450000003 0.044351067400000006 0.077965066749999964 0.025355248700000003 0.12991836105000001 0.042238868750000012 0.29368752295000006 0.29463231170000004 0.38898711630000005 0.38898711630000005 0.097228337050000016 0.031267364500000006
decision_type=2 2 2 2 2 2 2 2 2 2 2 2 2 2
left_child=8 2 4 12 5 -2 7 13 -1 -10 -6 -5 -4 -3
right_child=1 6 3 11 10 -7 -8 -9 9 -11 -12 -13 -14 -15
leaf_value=-0.10120785016404386 0.1017779380690379 0.10119216011828923 -0.10461921098515237 0.10551314785924637 0.10608478850325379 -0.10282398780410146 0.10120812338581342 -0.10120785016404386 0.10120784427047853 -0.10120785016404386 0.10185148434387384 0.10136199415710226 -0.101989461070898 0.10124606029675509
leaf_weight=10280.115279573016 1001.2001591548324 564.77009839378297 1655.1425937730819 198.28534823283553 451.20337056368589 956.35657433699816 7372.3625494046137 745.79321415442973 396.92868248466402 2647.8544614771381 2441.6762900538743 297.63553678244352 232.22070398926735 3845.5683162473142
leaf_count=1081269 44908 36854 52896 3175 6386 48021 474880 78443 25573 278503 103934 17547 17668 240343
internal_value=9.93377e-05 0.0643413 0.0213396 -0.0611564 0.0618744 0.00182048 0.0891697 0.0719568 -0.0951782 -0.0748202 0.102512 0.103022 -0.104296 0.101239
internal_weight=33087.1 19762.2 7233.72 2383.28 4850.44 1957.56 12528.5 5156.13 13324.9 3044.78 2892.88 495.921 1887.36 4410.34
internal_count=2510400 1125055 294535 91286 203249 92929 830520 355640 1385345 304076 110320 20722 70564 277197
is_linear=0
shrinkage=0.1


Tree=38
num_leaves=15
num_cat=0
split_feature=1 4 1 1 2 1 2 1 4 4 4 4 2 1
split_gain=18298.5 1910.5 2182.21 1521.25 1068.19 1848.51 234.655 2362.78 147.821 1278.16 0.50021 0.150525 0.10323 0.000105595
threshold=0.024447817350000001 0.46055894225000005 0.030557238450000003 0.044351067400000006 0.077965066749999964 0.025355248700000003 0.12991836105000001 0.042238868750000012 0.29368752295000006 0.29463231170000004 0.38898711630000005 0.38898711630000005 0.097228337050000016 0.031267364500000006
decision_type=2 2 2 2 2 2 2 2 2 2 2 2 2 2
left_child=8 2 4 12 5 -2 7 13 -1 -10 -6 -5 -4 -3
right_child=1 6 3 11 10 -7 -8 -9 9 -11 -12 -13 -14 -15
leaf_value=-0.10109158908339544 0.10160596730580446 0.10107742054302769 -0.10416198156868182 0.10496317799824473 0.105472880611619 -0.10254888834606375 0.10109183031151428 -0.10109158908339544 0.10109159394761261 -0.10109158908339544 0.10167218366350753 0.1012308021066837 -0.10179755902594541 0.10112607490969341
leaf_weight=9311.9857155801728 907.378652125597 511.57568517141044 1503.8736418271437 180.30810029432178 410.51331585645676 867.55036414973438 6678.0726517317817 675.55815942864865 359.54794780164957 2398.4928428968415 2213.0178130418062 269.64302338659763 210.49792640283704 3483.5325618432835
leaf_count=1081269 44908 36854 52896 3175 6386 48021 474880 78443 25573 278503 103934 17547 17668 240343
internal_value=9.94894e-05 0.0642305 0.0212831 -0.060921 0.0617328 0.00181909 0.0890663 0.0718723 -0.0950689 -0.0747343 0.102267 0.102726 -0.103872 0.10112
internal_weight=29981.5 17911.5 6562.78 2164.32 4398.46 1774.93 11348.7 4670.67 12070 2758.04 2623.53 449.951 1714.37 3995.11
internal_count=2510400 1125055 294535 91286 203249 92929 830520 355640 1385345 304076 110320 20722 70564 277197
is_linear=0
shrinkage=0.1


Tree=39
num_leaves=15
num_cat=0
split_feature=1 4 1 1 2 1 2 1 4 4 4 4 2 1
split_gain=16535.7 1729.79 1969.23 1371.54 964.188 1669.14 212.12 2135.55 133.608 1155.26 0.367004 0.11059 0.0757448 7.79248e-05
threshold=0.024447817350000001 0.46055894225000005 0.030557238450000003 0.044351067400000006 0.077965066749999964 0.025355248700000003 0.12991836105000001 0.042238868750000012 0.29368752295000006 0.29463231170000004 0.38898711630000005 0.38898711630000005 0.097228337050000016 0.031267364500000006
decision_type=2 2 2 2 2 2 2 2 2 2 2 2 2 2
left_child=8 2 4 12 5 -2 7 13 -1 -10 -6 -5 -4 -3
right_child=1 6 3 11 10 -7 -8 -9 9 -11 -12 -13 -14 -15
leaf_value=-0.10098662976349337 0.10145086659556979 0.10097384951271227 -0.1037515848781996 0.10447034351270952 0.10492545914389656 -0.10230114115179466 0.10098685386973108 -0.10098662976349337 0.10098662994111229 -0.10098662976349337 0.10151053108859059 0.10111238811873641 -0.1016243939257457 0.10101776719049052
leaf_weight=8434.1451922184788 822.22144807875156 463.3434798810631 1365.8693178435788 163.87989138066769 373.28680034726858 786.79624619521201 6048.5318730929866 611.87331858510152 325.65336055029184 2172.3870179099031 2005.4479108974338 244.2542887609452 190.77443306148052 3155.2381997862831
leaf_count=1081269 44908 36854 52896 3175 6386 48021 474880 78443 25573 278503 103934 17547 17668 240343
internal_value=9.96235e-05 0.0641306 0.0212322 -0.0607095 0.0616052 0.00181783 0.088973 0.071796 -0.0949702 -0.0746567 0.102046 0.102461 -0.103491 0.101012
internal_weight=27163.7 16231.5 5952.53 1964.78 3987.75 1609.02 10279 4230.45 10932.2 2498.04 2378.73 408.134 1556.64 3618.58
internal_count=2510400 1125055 294535 91286 203249 92929 830520 355640 1385345 304076 110320 20722 70564 277197
is_linear=0
shrinkage=0.1


Tree=40
num_leaves=15
num_cat=0
split_feature=1 4 1 1 2 1 2 1 4 4 4 4 2 1
split_gain=14944.6 1566.06 1777.51 1237 870.521 1507.49 191.766 1930.38 120.775 1044.29 0.269531 0.0813163 0.0556293 5.75689e-05
threshold=0.024447817350000001 0.46055894225000005 0.030557238450000003 0.044351067400000006 0.077965066749999964 0.025355248700000003 0.12991836105000001 0.042238868750000012 0.29368752295000006 0.29463231170000004 0.38898711630000005 0.38898711630000005 0.097228337050000016 0.031267364500000006
decision_type=2 2 2 2 2 2 2 2 2 2 2 2 2 2
left_child=8 2 4 12 5 -2 7 13 -1 -10 -6 -5 -4 -3
right_child=1 6 3 11 10 -7 -8 -9 9 -11 -12 -13 -14 -15
leaf_value=-0.10089185989484731 0.10131094454417262 0.10088031534436007 -0.10338291992162288 0.10402828474628356 0.10443519843345872 -0.10207793471234022 0.10089205863960529 -0.10089185989484731 0.10089185664785294 -0.10089185989484731 0.10136472617261297 0.10100547615122567 -0.10146809906282422 0.1009199813103951
leaf_weight=7638.3337080851197 744.95197128504515 419.61945837922394 1240.0721580674872 148.88264272734523 339.26856577023864 713.40014687553048 5477.8184230700135 554.13945194333792 294.92606258764863 1967.4094538018107 1817.0815767496824 221.2324587656185 172.87221084162593 2857.6032203296199
leaf_count=1081269 44908 36854 52896 3175 6386 48021 474880 78443 25573 278503 103934 17547 17668 240343
internal_value=9.97456e-05 0.0640405 0.0211864 -0.0605193 0.0614902 0.00181669 0.0888887 0.0717271 -0.094881 -0.0745866 0.101848 0.102221 -0.103149 0.100915
internal_weight=24607.6 14706.9 5397.76 1783.06 3614.7 1458.35 9309.18 3831.36 9900.67 2262.34 2156.35 370.115 1412.94 3277.22
internal_count=2510400 1125055 294535 91286 203249 92929 830520 355640 1385345 304076 110320 20722 70564 277197
is_linear=0
shrinkage=0.1


Tree=41
num_leaves=15
num_cat=0
split_feature=1 4 1 1 2 1 2 1 4 4 4 4 2 1
split_gain=13508.1 1417.75 1604.84 1116.01 786.122 1361.73 173.381 1745.09 109.184 944.075 0.198116 0.0598355 0.0408909 4.25298e-05
threshold=0.024447817350000001 0.46055894225000005 0.030557238450000003 0.044351067400000006 0.077965066749999964 0.025355248700000003 0.12991836105000001 0.042238868750000012 0.29368752295000006 0.29463231170000004 0.38898711630000005 0.38898711630000005 0.097228337050000016 0.031267364500000006
decision_type=2 2 2 2 2 2 2 2 2 2 2 2 2 2
left_child=8 2 4 12 5 -2 7 13 -1 -10 -6 -5 -4 -3
right_child=1 6 3 11 10 -7 -8 -9 9 -11 -12 -13 -14 -15
leaf_value=-0.10080627556143718 0.10118468321381435 0.10079583618349819 -0.10305151672236955 0.10363142363955624 0.10399565873654931 -0.10187674604113295 0.10080645116886788 -0.10080627556143718 0.10080626750748989 -0.10080627556143718 0.10123316570232679 0.10090893481629599 -0.10132698234643119 0.10083166330325247
leaf_weight=6917.019833677914 674.85875948891044 379.9894111584872 1125.4882673867978 135.20417750626802 308.21417233720422 646.72100551240146 4960.5302533032373 501.81017564842477 267.07518040761352 1781.6202764888294 1646.1913877464831 200.36117895320058 156.62799837253988 2587.8157848184928
leaf_count=1081269 44908 36854 52896 3175 6386 48021 474880 78443 25573 278503 103934 17547 17668 240343
internal_value=9.98521e-05 0.0639592 0.0211452 -0.0603483 0.0613866 0.00181566 0.0888126 0.0716649 -0.0948005 -0.0745234 0.101669 0.102006 -0.102841 0.100827
internal_weight=22289.5 13323.8 4893.67 1617.68 3275.99 1321.58 8430.15 3469.62 8965.72 2048.7 1954.41 335.565 1282.12 2967.81
internal_count=2510400 1125055 294535 91286 203249 92929 830520 355640 1385345 304076 110320 20722 70564 277197
is_linear=0
shrinkage=0.1


Tree=42
num_leaves=15
num_cat=0
split_feature=1 4 1 1 2 1 2 1 4 4 4 4 2 1
split_gain=12210.9 1283.42 1449.24 1007.15 710.041 1230.27 156.77 1577.72 98.7141 853.546 0.145735 0.0440584 0.0300796 3.1441e-05
threshold=0.024447817350000001 0.46055894225000005 0.030557238450000003 0.044351067400000006 0.077965066749999964 0.025355248700000003 0.12991836105000001 0.042238868750000012 0.29368752295000006 0.29463231170000004 0.38898711630000005 0.38898711630000005 0.097228337050000016 0.031267364500000006
decision_type=2 2 2 2 2 2 2 2 2 2 2 2 2 2
left_child=8 2 4 12 5 -2 7 13 -1 -10 -6 -5 -4 -3
right_child=1 6 3 11 10 -7 -8 -9 9 -11 -12 -13 -14 -15
leaf_value=-0.10072895371049884 0.10107070977442377 0.1007195259368501 -0.10275341111044489 0.1032748596965766 0.10360123936580648 -0.10169533941752795 0.10072912066087747 -0.10072895371049884 0.10072895173769872 -0.10072895371049884 0.10111444353510322 0.10082173135556612 -0.101199561307546 0.10075189808535599
leaf_weight=6263.3382767611183 611.29100992158055 344.0758886039257 1021.1878811651841 122.73864850029349 279.89132602140307 586.16809328086674 4491.743932784535 454.38743221526965 241.83568163681775 1613.2511891978793 1491.1955023407936 181.44311531912535 141.89224012382329 2343.3120658406988
leaf_count=1081269 44908 36854 52896 3175 6386 48021 474880 78443 25573 278503 103934 17547 17668 240343
internal_value=9.99509e-05 0.0638858 0.0211079 -0.0601943 0.0612932 0.00181472 0.0887438 0.0716087 -0.0947278 -0.0744662 0.101507 0.101812 -0.102564 0.100748
internal_weight=20187.8 12069.3 4435.81 1467.26 2968.55 1197.46 7633.52 3141.78 8118.43 1855.09 1771.09 304.182 1163.08 2687.39
internal_count=2510400 1125055 294535 91286 203249 92929 830520 355640 1385345 304076 110320 20722 70564 277197
is_linear=0
shrinkage=0.1


Tree=43
num_leaves=15
num_cat=0
split_feature=1 4 1 1 2 1 2 1 4 4 4 4 2 1
split_gain=11039.3 1161.76 1308.99 909.133 641.435 1111.66 141.76 1426.52 89.2551 771.757 0.107277 0.0324604 0.022142 2.32427e-05
threshold=0.024447817350000001 0.46055894225000005 0.030557238450000003 0.044351067400000006 0.077965066749999964 0.025355248700000003 0.12991836105000001 0.042238868750000012 0.29368752295000006 0.29463231170000004 0.38898711630000005 0.38898711630000005 0.097228337050000016 0.031267364500000006
decision_type=2 2 2 2 2 2 2 2 2 2 2 2 2 2
left_child=8 2 4 12 5 -2 7 13 -1 -10 -6 -5 -4 -3
right_child=1 6 3 11 10 -7 -8 -9 9 -11 -12 -13 -14 -15
leaf_value=-0.10065909836302821 0.10096780820413115 0.10065058638269189 -0.10248510462380669 0.10295427865205412 0.10324700662927076 -0.10153171297659128 0.1006592541184473 -0.10065909836302821 0.10065910722443386 -0.10065909836302821 0.10100726381770825 0.1007429641339144 -0.10108447193622921 0.1006798372787604
leaf_weight=5671.0355038130656 553.65399138629436 311.53514624945819 926.30481732822955 111.38671698048711 254.08074121549726 531.19807014288381 4066.9757041120902 411.41754551883787 218.96608863025904 1460.691466155462 1350.6483678668737 164.29835882876068 128.5281479479745 2121.7569972565398
leaf_count=1081269 44908 36854 52896 3175 6386 48021 474880 78443 25573 278503 103934 17547 17668 240343
internal_value=0.000100043 0.0638195 0.0210744 -0.0600556 0.0612088 0.00181387 0.0886817 0.0715579 -0.0946621 -0.0744145 0.101362 0.101636 -0.102314 0.100676
internal_weight=18282.5 10931.8 4020.1 1330.52 2689.58 1084.85 6911.69 2844.71 7350.69 1679.66 1604.73 275.685 1054.83 2433.29
internal_count=2510400 1125055 294535 91286 203249 92929 830520 355640 1385345 304076 110320 20722 70564 277197
is_linear=0
shrinkage=0.1


Tree=44
num_leaves=15
num_cat=0
split_feature=1 4 1 1 2 1 2 1 4 4 4 4 2 1
split_gain=9980.97 1051.59 1182.51 820.848 579.549 1004.62 128.195 1289.9 80.7082 697.855 0.079018 0.0239285 0.0163093 1.71776e-05
threshold=0.024447817350000001 0.46055894225000005 0.030557238450000003 0.044351067400000006 0.077965066749999964 0.025355248700000003 0.12991836105000001 0.042238868750000012 0.29368752295000006 0.29463231170000004 0.38898711630000005 0.38898711630000005 0.097228337050000016 0.031267364500000006
decision_type=2 2 2 2 2 2 2 2 2 2 2 2 2 2
left_child=8 2 4 12 5 -2 7 13 -1 -10 -6 -5 -4 -3
right_child=1 6 3 11 10 -7 -8 -9 9 -11 -12 -13 -14 -15
leaf_value=-0.10059598782272582 0.10087488326137727 0.10058829417020605 -0.1022435022550716 0.10266587070293919 0.10292865188938205 -0.10138407663124537 0.10059611877414774 -0.10059598782272582 0.10059599238236933 -0.10059598782272582 0.10091049585429662 0.10067179075834419 -0.10098050609428628 0.10061472210324283
leaf_weight=5134.4209000300616 501.40486366674304 282.05434745643288 840.03497037105262 101.05557534098625 230.57660745456815 481.31219240371138 3682.1436955225654 372.48767759092152 198.24669221788645 1322.475372845307 1223.2294921949506 148.76305811945349 116.41072595119476 1921.0243527181447
leaf_count=1081269 44908 36854 52896 3175 6386 48021 474880 78443 25573 278503 103934 17547 17668 240343
internal_value=0.000100119 0.0637597 0.0210441 -0.0599306 0.0611328 0.0018131 0.0886256 0.071512 -0.0946028 -0.0743679 0.101231 0.101478 -0.10209 0.100611
internal_weight=16555.6 9900.5 3642.79 1206.26 2436.52 982.717 6257.71 2575.57 6655.14 1520.72 1453.81 249.819 956.446 2203.08
internal_count=2510400 1125055 294535 91286 203249 92929 830520 355640 1385345 304076 110320 20722 70564 277197
is_linear=0
shrinkage=0.1


Tree=45
num_leaves=15
num_cat=0
split_feature=1 4 1 1 2 1 2 1 4 4 4 4 2 1
split_gain=9024.77 951.836 1068.42 741.291 523.707 907.997 115.934 1166.44 72.9843 631.069 0.0582355 0.0176475 0.0120195 1.26983e-05
threshold=0.024447817350000001 0.46055894225000005 0.030557238450000003 0.044351067400000006 0.077965066749999964 0.025355248700000003 0.12991836105000001 0.042238868750000012 0.29368752295000006 0.29463231170000004 0.38898711630000005 0.38898711630000005 0.097228337050000016 0.031267364500000006
decision_type=2 2 2 2 2 2 2 2 2 2 2 2 2 2
left_child=8 2 4 12 5 -2 7 13 -1 -10 -6 -5 -4 -3
right_child=1 6 3 11 10 -7 -8 -9 9 -11 -12 -13 -14 -15
leaf_value=-0.10053895631860642 0.10079095100127503 0.10053199797408355 -0.10202583140082266 0.10240625617489169 0.10264233105563357 -0.10125083265781956 0.10053906901233574 -0.10053895631860642 0.10053894849707097 -0.10053895631860642 0.10082309499972955 0.10060747922707824 -0.10088657527832186 0.10055587906364538
leaf_weight=4648.3174258251674 454.0484605692327 255.348972029984 761.63413774082437 91.658868990838528 209.18667521327734 436.05323940329254 3333.5358277205378 337.2222488890402 179.4776225509122 1197.269456577953 1107.7344416957349 134.68805253505707 105.42586261127144 1739.1800698232837
leaf_count=1081269 44908 36854 52896 3175 6386 48021 474880 78443 25573 278503 103934 17547 17668 240343
internal_value=0.00010019 0.0637056 0.0210168 -0.0598179 0.0610641 0.0018124 0.0885749 0.0714706 -0.0945491 -0.0743257 0.101112 0.101336 -0.101887 0.100553
internal_weight=14990.8 8965.72 3300.43 1093.41 2207.02 890.102 5665.29 2331.75 6025.06 1376.75 1316.92 226.347 867.06 1994.53
internal_count=2510400 1125055 294535 91286 203249 92929 830520 355640 1385345 304076 110320 20722 70564 277197
is_linear=0
shrinkage=0.1


Tree=46
num_leaves=15
num_cat=0
split_feature=1 4 1 1 2 1 2 1 4 4 4 4 2 1
split_gain=8160.73 861.513 965.472 669.57 473.306 820.755 104.852 1054.86 66.0033 570.707 0.0429406 0.0130208 0.00886272 9.39208e-06
threshold=0.024447817350000001 0.46055894225000005 0.030557238450000003 0.044351067400000006 0.077965066749999964 0.025355248700000003 0.12991836105000001 0.042238868750000012 0.29368752295000006 0.29463231170000004 0.38898711630000005 0.38898711630000005 0.097228337050000016 0.031267364500000006
decision_type=2 2 2 2 2 2 2 2 2 2 2 2 2 2
left_child=8 2 4 12 5 -2 7 13 -1 -10 -6 -5 -4 -3
right_child=1 6 3 11 10 -7 -8 -9 9 -11 -12 -13 -14 -15
leaf_value=-0.10048740336692352 0.10071513241432917 0.10048111612705267 -0.10182965019093496 0.10217244149405286 0.10238467525258466 -0.10113055590972386 0.10048751350735155 -0.10048740336692352 0.10048739511934988 -0.10048740336692352 0.10074415241952309 0.10054935827439281 -0.10080169234230607 0.10050270209484323
leaf_weight=4208.0195741511416 411.13359204679728 231.16036212723702 690.41520718159154 83.116498038172722 189.73200364410877 395.0026659113355 3017.7768786936067 305.27988821943291 162.4771462068893 1083.8617175372783 1003.0650648362935 121.93765194807202 95.469506763853133 1574.465574269183
leaf_count=1081269 44908 36854 52896 3175 6386 48021 474880 78443 25573 278503 103934 17547 17668 240343
internal_value=0.000100256 0.0636568 0.0209922 -0.0597164 0.0610021 0.00181177 0.088529 0.0714331 -0.0945007 -0.0742876 0.101005 0.101207 -0.101705 0.1005
internal_weight=13572.9 8118.55 2989.87 990.939 1998.93 806.136 5128.68 2110.91 5454.36 1246.34 1192.8 205.054 785.885 1805.63
internal_count=2510400 1125055 294535 91286 203249 92929 830520 355640 1385345 304076 110320 20722 70564 277197
is_linear=0
shrinkage=0.1


Tree=47
num_leaves=15
num_cat=0
split_feature=1 4 1 1 2 1 2 1 4 4 4 4 2 1
split_gain=7379.86 779.738 872.556 604.891 427.804 741.967 94.8327 954.001 59.6932 516.145 0.0316769 0.00961101 0.00653781 6.95038e-06
threshold=0.024447817350000001 0.46055894225000005 0.030557238450000003 0.044351067400000006 0.077965066749999964 0.025355248700000003 0.12991836105000001 0.042238868750000012 0.29368752295000006 0.29463231170000004 0.38898711630000005 0.38898711630000005 0.097228337050000016 0.031267364500000006
decision_type=2 2 2 2 2 2 2 2 2 2 2 2 2 2
left_child=8 2 4 12 5 -2 7 13 -1 -10 -6 -5 -4 -3
right_child=1 6 3 11 10 -7 -8 -9 9 -11 -12 -13 -14 -15
leaf_value=-0.10044079907844397 0.100646630973284 0.10043511939641792 -0.10165275905523921 0.10196177752466103 0.10215268739881432 -0.1010219472112459 0.1004409024100623 -0.10044079907844397 0.1004408063410564 -0.10044079907844397 0.10067283545293215 0.10049682215990885 -0.10072498652897575 0.10045463647064275
leaf_weight=3809.2503208131529 372.24937408231199 209.25345694180578 625.74527451395988 75.35439545661211 172.04663459025323 357.77789800800383 2731.8001604364254 276.35030960431322 147.0801300117746 981.15052045090124 908.22107092104852 110.38849689252675 86.446822077035904 1425.2823351090774
leaf_count=1081269 44908 36854 52896 3175 6386 48021 474880 78443 25573 278503 103934 17547 17668 240343
internal_value=0.000100315 0.0636127 0.0209699 -0.0596247 0.0609461 0.0018112 0.0884876 0.0713992 -0.0944568 -0.0742532 0.100909 0.101091 -0.10154 0.100452
internal_weight=12288.4 7350.92 2708.23 897.935 1810.29 730.027 4642.69 1910.89 4937.48 1128.23 1080.27 185.743 712.192 1634.54
internal_count=2510400 1125055 294535 91286 203249 92929 830520 355640 1385345 304076 110320 20722 70564 277197
is_linear=0
shrinkage=0.1


Tree=48
num_leaves=15
num_cat=0
split_feature=1 4 1 1 2 1 2 1 4 4 4 4 2 1
split_gain=6674.08 705.707 788.672 546.544 386.717 670.802 85.7747 862.828 53.9888 466.822 0.0233775 0.00709661 0.0048249 5.13749e-06
threshold=0.024447817350000001 0.46055894225000005 0.030557238450000003 0.044351067400000006 0.077965066749999964 0.025355248700000003 0.12991836105000001 0.042238868750000012 0.29368752295000006 0.29463231170000004 0.38898711630000005 0.38898711630000005 0.097228337050000016 0.031267364500000006
decision_type=2 2 2 2 2 2 2 2 2 2 2 2 2 2
left_child=8 2 4 12 5 -2 7 13 -1 -10 -6 -5 -4 -3
right_child=1 6 3 11 10 -7 -8 -9 9 -11 -12 -13 -14 -15
leaf_value=-0.10039867896023534 0.10058472519966376 0.10039354166204216 -0.10149321556657763 0.10177188100941295 0.1019437166785539 -0.10092386471971621 0.10039876374134163 -0.10039867896023534 0.1003986726415685 -0.10039867896023534 0.10060839806872107 0.10044933087406918 -0.10065564696891892 0.10041117825384048
leaf_weight=3448.1248721005395 337.02192500792444 189.41478481050581 567.04247532389127 68.304221078753471 155.9770975690335 324.02945680869743 2472.8196622375399 250.15168227534741 133.13661203719676 888.13525704946369 822.29199601709843 99.928463919553906 78.271459463052452 1290.1785464589484
leaf_count=1081269 44908 36854 52896 3175 6386 48021 474880 78443 25573 278503 103934 17547 17668 240343
internal_value=0.000100365 0.0635728 0.0209498 -0.059542 0.0608955 0.00181068 0.0884502 0.0713686 -0.0944172 -0.074222 0.100821 0.100986 -0.101392 0.100409
internal_weight=11124.8 6655.43 2452.87 813.547 1639.32 661.051 4202.56 1729.75 4469.4 1021.27 978.269 168.233 645.314 1479.59
internal_count=2510400 1125055 294535 91286 203249 92929 830520 355640 1385345 304076 110320 20722 70564 277197
is_linear=0
shrinkage=0.1


Tree=49
num_leaves=15
num_cat=0
split_feature=1 4 1 1 2 1 2 1 4 4 4 4 2 1
split_gain=6036.1 638.689 712.926 493.893 349.609 606.511 77.5848 780.401 48.8316 422.23 0.0172587 0.00524168 0.00356202 3.80458e-06
threshold=0.024447817350000001 0.46055894225000005 0.030557238450000003 0.044351067400000006 0.077965066749999964 0.025355248700000003 0.12991836105000001 0.042238868750000012 0.29368752295000006 0.29463231170000004 0.38898711630000005 0.38898711630000005 0.097228337050000016 0.031267364500000006
decision_type=2 2 2 2 2 2 2 2 2 2 2 2 2 2
left_child=8 2 4 12 5 -2 7 13 -1 -10 -6 -5 -4 -3
right_child=1 6 3 11 10 -7 -8 -9 9 -11 -12 -13 -14 -15
leaf_value=-0.1003606033899913 0.1005287818782392 0.10035595075165456 -0.10134926982808855 0.10160064853269271 0.10175538435874554 -0.10083526928194481 0.10036067823515081 -0.1003606033899913 0.10036059944172898 -0.1003606033899913 0.10055016928760858 0.10040639971967491 -0.10059297611878303 0.10037190328961959
leaf_weight=3121.11592293391 305.11111998930573 171.45052396599203 513.77289492613636 61.903077921830118 141.38182547129691 293.43847526516765 2238.3057214682922 226.42811025073752 120.5103725977242 803.90739759011194 744.44950766582042 90.455706911627203 70.864826174452901 1167.8354734489694
leaf_count=1081269 44908 36854 52896 3175 6386 48021 474880 78443 25573 278503 103934 17547 17668 240343
internal_value=0.000100413 0.0635368 0.0209317 -0.0594674 0.0608499 0.00181021 0.0884163 0.0713409 -0.0943814 -0.0741939 0.100743 0.100892 -0.101258 0.10037
internal_weight=10070.9 6025.4 2221.38 736.997 1484.38 598.55 3804.02 1565.71 4045.53 924.418 885.831 152.359 584.638 1339.29
internal_count=2510400 1125055 294535 91286 203249 92929 830520 355640 1385345 304076 110320 20722 70564 277197
is_linear=0
shrinkage=0.1


end of trees

feature_importances:
rain_1d=292
rain_15d=240
rain_3d=125
slope=30
rain_7d=11

parameters:
[boosting: gbdt]
[objective: binary]
[metric: binary_logloss]
[tree_learner: serial]
[device_type: cpu]
[data_sample_strategy: bagging]
[data: ]
[valid: ]
[num_iterations: 50]
[learning_rate: 0.1]
[num_leaves: 15]
[num_threads: 10]
[seed: 0]
[deterministic: 0]
[force_col_wise: 0]
[force_row_wise: 0]
[histogram_pool_size: -1]
[max_depth: 5]
[min_data_in_leaf: 20]
[min_sum_hessian_in_leaf: 0.001]
[bagging_fraction: 1]
[pos_bagging_fraction: 1]
[neg_bagging_fraction: 1]
[bagging_freq: 0]
[bagging_seed: 3]
[bagging_by_query: 0]
[feature_fraction: 1]
[feature_fraction_bynode: 1]
[feature_fraction_seed: 2]
[extra_trees: 0]
[extra_seed: 6]
[early_stopping_round: 0]
[early_stopping_min_delta: 0]
[first_metric_only: 0]
[max_delta_step: 0]
[lambda_l1: 0]
[lambda_l2: 0]
[linear_lambda: 0]
[min_gain_to_split: 0]
[drop_rate: 0.1]
[max_drop: 50]
[skip_drop: 0.5]
[xgboost_dart_mode: 0]
[uniform_drop: 0]
[drop_seed: 4]
[top_rate: 0.2]
[other_rate: 0.1]
[min_data_per_group: 100]
[max_cat_threshold: 32]
[cat_l2: 10]
[cat_smooth: 10]
[max_cat_to_onehot: 4]
[top_k: 20]
[monotone_constraints: ]
[monotone_constraints_method: basic]
[monotone_penalty: 0]
[feature_contri: ]
[forcedsplits_filename: ]
[refit_decay_rate: 0.9]
[cegb_tradeoff: 1]
[cegb_penalty_split: 0]
[cegb_penalty_feature_lazy: ]
[cegb_penalty_feature_coupled: ]
[path_smooth: 0]
[interaction_constraints: ]
[verbosity: -1]
[saved_feature_importance_type: 0]
[use_quantized_grad: 0]
[num_grad_quant_bins: 4]
[quant_train_renew_leaf: 0]
[stochastic_rounding: 1]
[linear_tree: 0]
[max_bin: 255]
[max_bin_by_feature: ]
[min_data_in_bin: 3]
[bin_construct_sample_cnt: 200000]
[data_random_seed: 1]
[is_enable_sparse: 1]
[enable_bundle: 1]
[use_missing: 1]
[zero_as_missing: 0]
[feature_pre_filter: 1]
[pre_partition: 0]
[two_round: 0]
[header: 0]
[label_column: ]
[weight_column: ]
[group_column: ]
[ignore_column: ]
[categorical_feature: ]
[forcedbins_filename: ]
[precise_float_parser: 0]
[parser_config_file: ]
[objective_seed: 5]
[num_class: 1]
[is_unbalance: 0]
[scale_pos_weight: 1]
[sigmoid: 1]
[boost_from_average: 1]
[reg_sqrt: 0]
[alpha: 0.9]
[fair_c: 1]
[poisson_max_delta_step: 0.7]
[tweedie_variance_power: 1.5]
[lambdarank_truncation_level: 30]
[lambdarank_norm: 1]
[label_gain: ]
[lambdarank_position_bias_regularization: 0]
[eval_at: ]
[multi_error_top_k: 1]
[auc_mu_weights: ]
[num_machines: 1]
[local_listen_port: 12400]
[time_out: 120]
[machine_list_filename: ]
[machines: ]
[gpu_platform_id: -1]
[gpu_device_id: -1]
[gpu_use_dp: 0]
[num_gpu: 1]

end of parameters

pandas_categorical:[]
